trade_id,variant,session,direction,r,entry_ts,entry_px,stop0,peak_qty,scaled,runner_outcome,exit_bits,last_exit_ts,pnl_usd,risk_usd,htf_name,htf_family,htf_level,wick_pts
daily_3_high_2010-12-13,nq_daily_3,2010-12-13,Short,8.25,2010-12-13 10:31:00-05:00,2221.75,2223.4,5,False,full_stop,entry5@2221.75|sl_x5,2010-12-13 10:55:00-05:00,-172.5,165.0,daily_3_high,daily_3,2216.75,5.0
daily_3_high_2010-12-21,nq_daily_3,2010-12-21,Short,8.0,2010-12-21 10:54:00-05:00,2231.75,2233.35,5,False,full_stop,entry5@2231.75|sl_x5,2010-12-21 12:21:00-05:00,-167.5,160.0,daily_3_high,daily_3,2230.0,1.75
daily_3_high_2011-01-06,nq_daily_3,2011-01-06,Short,4.25,2011-01-06 10:02:00-05:00,2274.0,2274.85,5,False,full_stop,entry5@2274.00|sl_x5,2011-01-06 10:02:00-05:00,-92.5,85.0,daily_3_high,daily_3,2270.25,3.75
daily_3_high_2011-01-07,nq_daily_3,2011-01-07,Short,10.5,2011-01-07 10:30:00-05:00,2280.25,2282.35,5,True,runner_tp,entry5@2280.25|scale4@opp|runner_tp,2011-01-07 12:45:00-05:00,1077.5,210.0,daily_3_high,daily_3,2278.5,1.75
daily_3_high_2011-01-11,nq_daily_3,2011-01-11,Short,7.25,2011-01-11 10:03:00-05:00,2289.5,2290.95,5,True,runner_sl,entry5@2289.50|scale4@opp|sl_x1,2011-01-11 10:28:00-05:00,172.5,145.0,daily_3_high,daily_3,2287.0,2.5
daily_3_high_2011-02-04,nq_daily_3,2011-02-04,Short,8.75,2011-02-04 13:12:00-05:00,2330.5,2332.25,5,False,full_stop,entry5@2330.50|sl_x5,2011-02-04 13:13:00-05:00,-182.5,175.0,daily_3_high,daily_3,2328.25,2.25
daily_3_high_2011-03-03,nq_daily_3,2011-03-03,Short,13.25,2011-03-03 10:29:00-05:00,2365.0,2367.65,5,False,full_stop,entry5@2365.00|sl_x5,2011-03-03 10:46:00-05:00,-272.5,265.0,daily_3_high,daily_3,2363.0,2.0
daily_3_high_2011-03-30,nq_daily_3,2011-03-30,Short,6.75,2011-03-30 12:14:00-04:00,2334.0,2335.35,5,False,full_stop,entry5@2334.00|sl_x5,2011-03-30 12:15:00-04:00,-142.5,135.0,daily_3_high,daily_3,2329.75,4.25
daily_3_high_2011-04-25,nq_daily_3,2011-04-25,Short,5.0,2011-04-25 10:00:00-04:00,2381.0,2382.0,5,True,runner_sl,entry5@2381.00|scale4@opp|sl_x1,2011-04-25 14:20:00-04:00,592.5,100.0,daily_3_high,daily_3,2379.25,1.75
daily_3_high_2011-05-27,nq_daily_3,2011-05-27,Short,2.75,2011-05-27 10:26:00-04:00,2332.5,2333.05,5,False,full_stop,entry5@2332.50|sl_x5,2011-05-27 10:26:00-04:00,-62.5,55.0,daily_3_high,daily_3,2331.0,1.5
daily_3_high_2011-11-29,nq_daily_3,2011-11-29,Short,12.0,2011-11-29 10:17:00-05:00,2237.75,2240.15,5,False,full_stop,entry5@2237.75|sl_x5,2011-11-29 10:18:00-05:00,-247.5,240.0,daily_3_high,daily_3,2228.0,9.75
daily_3_low_2011-12-12,nq_daily_3,2011-12-12,Long,11.0,2011-12-12 10:19:00-05:00,2275.5,2273.3,5,False,full_stop,entry5@2275.50|sl_x5,2011-12-12 10:20:00-05:00,-227.5,220.0,daily_3_low,daily_3,2277.75,2.25
daily_3_high_2011-12-20,nq_daily_3,2011-12-20,Short,17.25,2011-12-20 10:54:00-05:00,2266.75,2270.2,5,False,full_stop,entry5@2266.75|sl_x5,2011-12-20 11:07:00-05:00,-352.5,345.0,daily_3_high,daily_3,2264.25,2.5
daily_3_low_2012-01-30,nq_daily_3,2012-01-30,Long,10.25,2012-01-30 10:06:00-05:00,2432.75,2430.7,5,False,full_stop,entry5@2432.75|sl_x5,2012-01-30 10:13:00-05:00,-212.5,205.0,daily_3_low,daily_3,2436.75,4.0
daily_3_high_2012-02-01,nq_daily_3,2012-02-01,Short,9.75,2012-02-01 10:47:00-05:00,2480.5,2482.45,5,False,full_stop,entry5@2480.50|sl_x5,2012-02-01 10:59:00-05:00,-202.5,195.0,daily_3_high,daily_3,2478.5,2.0
daily_3_high_2012-02-28,nq_daily_3,2012-02-28,Short,9.0,2012-02-28 10:22:00-05:00,2623.25,2625.05,5,False,full_stop,entry5@2623.25|sl_x5,2012-02-28 10:30:00-05:00,-187.5,180.0,daily_3_high,daily_3,2616.75,6.5
daily_3_high_2012-03-21,nq_daily_3,2012-03-21,Short,7.5,2012-03-21 12:20:00-04:00,2742.0,2743.5,5,False,full_stop,entry5@2742.00|sl_x5,2012-03-21 12:40:00-04:00,-157.5,150.0,daily_3_high,daily_3,2736.5,5.5
daily_3_low_2012-05-02,nq_daily_3,2012-05-02,Long,13.75,2012-05-02 10:16:00-04:00,2707.0,2704.25,5,False,full_stop,entry5@2707.00|sl_x5,2012-05-02 10:30:00-04:00,-282.5,275.0,daily_3_low,daily_3,2710.5,3.5
daily_3_low_2012-05-07,nq_daily_3,2012-05-07,Long,20.5,2012-05-07 10:13:00-04:00,2630.0,2625.9,5,True,runner_sl,entry5@2630.00|scale4@opp|sl_x1,2012-05-07 10:29:00-04:00,552.5,410.0,daily_3_low,daily_3,2633.0,3.0
daily_3_low_2012-05-18,nq_daily_3,2012-05-18,Long,19.5,2012-05-18 10:01:00-04:00,2501.5,2497.6,5,True,runner_sl,entry5@2501.50|scale4@opp|sl_x1,2012-05-18 11:32:00-04:00,1292.5,390.0,daily_3_low,daily_3,2507.25,5.75
daily_3_low_2012-06-12,nq_daily_3,2012-06-12,Long,12.25,2012-06-12 10:39:00-04:00,2505.25,2502.8,5,True,runner_tp,entry5@2505.25|scale4@opp|runner_tp,2012-06-12 15:44:00-04:00,2612.5,245.0,daily_3_low,daily_3,2508.25,3.0
daily_3_low_2012-08-23,nq_daily_3,2012-08-23,Long,9.5,2012-08-23 13:25:00-04:00,2754.75,2752.85,5,True,eod,entry5@2754.75|scale4@opp|eod_x1,2012-08-23 15:59:00-04:00,1572.5,190.0,daily_3_low,daily_3,2759.0,4.25
daily_3_low_2012-09-24,nq_daily_3,2012-09-24,Long,11.75,2012-09-24 10:13:00-04:00,2835.25,2832.9,5,True,runner_sl,entry5@2835.25|scale4@opp|sl_x1,2012-09-24 10:14:00-04:00,212.5,235.0,daily_3_low,daily_3,2837.25,2.0
daily_3_high_2012-10-04,nq_daily_3,2012-10-04,Short,10.5,2012-10-04 15:17:00-04:00,2826.5,2828.6,5,False,full_stop,entry5@2826.50|sl_x5,2012-10-04 15:18:00-04:00,-217.5,210.0,daily_3_high,daily_3,2822.5,4.0
daily_3_low_2012-10-08,nq_daily_3,2012-10-08,Long,11.5,2012-10-08 10:23:00-04:00,2785.5,2783.2,5,False,full_stop,entry5@2785.50|sl_x5,2012-10-08 10:27:00-04:00,-237.5,230.0,daily_3_low,daily_3,2790.5,5.0
daily_3_high_2012-10-16,nq_daily_3,2012-10-16,Short,7.0,2012-10-16 10:07:00-04:00,2746.25,2747.65,5,False,full_stop,entry5@2746.25|sl_x5,2012-10-16 10:16:00-04:00,-147.5,140.0,daily_3_high,daily_3,2744.75,1.5
daily_3_high_2012-10-17,nq_daily_3,2012-10-17,Short,10.75,2012-10-17 12:24:00-04:00,2778.75,2780.9,5,False,eod,entry5@2778.75|eod_x5,2012-10-17 15:59:00-04:00,867.5,215.0,daily_3_high,daily_3,2774.75,4.0
daily_3_low_2012-10-23,nq_daily_3,2012-10-23,Long,8.75,2012-10-23 10:32:00-04:00,2659.0,2657.25,5,False,full_stop,entry5@2659.00|sl_x5,2012-10-23 10:33:00-04:00,-182.5,175.0,daily_3_low,daily_3,2664.75,5.75
daily_3_low_2012-11-13,nq_daily_3,2012-11-13,Long,13.5,2012-11-13 15:41:00-05:00,2563.75,2561.05,5,False,full_stop,entry5@2563.75|sl_x5,2012-11-13 15:45:00-05:00,-277.5,270.0,daily_3_low,daily_3,2568.75,5.0
daily_3_high_2012-11-21,nq_daily_3,2012-11-21,Short,10.0,2012-11-21 12:44:00-05:00,2600.75,2602.75,5,False,eod,entry5@2600.75|eod_x5,2012-11-21 15:59:00-05:00,242.5,200.0,daily_3_high,daily_3,2596.75,4.0
daily_3_high_2013-04-02,nq_daily_3,2013-04-02,Short,11.25,2013-04-02 10:47:00-04:00,2819.75,2822.0,5,False,full_stop,entry5@2819.75|sl_x5,2013-04-02 10:48:00-04:00,-232.5,225.0,daily_3_high,daily_3,2815.75,4.0
daily_3_low_2013-04-04,nq_daily_3,2013-04-04,Long,9.25,2013-04-04 12:05:00-04:00,2778.0,2776.15,5,False,full_stop,entry5@2778.00|sl_x5,2013-04-04 12:08:00-04:00,-192.5,185.0,daily_3_low,daily_3,2780.25,2.25
daily_3_high_2013-05-07,nq_daily_3,2013-05-07,Short,5.5,2013-05-07 10:00:00-04:00,2956.75,2957.85,5,True,runner_tp,entry5@2956.75|scale4@opp|runner_tp,2013-05-07 10:11:00-04:00,727.5,110.0,daily_3_high,daily_3,2954.0,2.75
daily_3_high_2013-05-08,nq_daily_3,2013-05-08,Short,7.0,2013-05-08 10:29:00-04:00,2958.5,2959.9,5,False,full_stop,entry5@2958.50|sl_x5,2013-05-08 10:35:00-04:00,-147.5,140.0,daily_3_high,daily_3,2956.75,1.75
daily_3_high_2013-05-13,nq_daily_3,2013-05-13,Short,8.25,2013-05-13 11:50:00-04:00,2981.5,2983.15,5,False,full_stop,entry5@2981.50|sl_x5,2013-05-13 11:50:00-04:00,-172.5,165.0,daily_3_high,daily_3,2978.25,3.25
daily_3_high_2013-05-20,nq_daily_3,2013-05-20,Short,8.75,2013-05-20 11:35:00-04:00,3030.5,3032.25,5,True,eod,entry5@3030.50|scale4@opp|eod_x1,2013-05-20 15:59:00-04:00,1197.5,175.0,daily_3_high,daily_3,3028.25,2.25
daily_3_low_2013-06-03,nq_daily_3,2013-06-03,Long,11.5,2013-06-03 10:02:00-04:00,2969.5,2967.2,5,False,full_stop,entry5@2969.50|sl_x5,2013-06-03 10:40:00-04:00,-237.5,230.0,daily_3_low,daily_3,2978.25,8.75
daily_3_high_2013-06-10,nq_daily_3,2013-06-10,Short,7.5,2013-06-10 10:35:00-04:00,2995.5,2997.0,5,False,full_stop,entry5@2995.50|sl_x5,2013-06-10 10:36:00-04:00,-157.5,150.0,daily_3_high,daily_3,2992.0,3.5
daily_3_high_2013-07-05,nq_daily_3,2013-07-05,Short,11.75,2013-07-05 14:31:00-04:00,2956.75,2959.1,5,False,eod,entry5@2956.75|eod_x5,2013-07-05 15:59:00-04:00,42.5,235.0,daily_3_high,daily_3,2949.0,7.75
daily_3_high_2013-07-31,nq_daily_3,2013-07-31,Short,11.0,2013-07-31 14:36:00-04:00,3097.0,3099.2,5,False,full_stop,entry5@3097.00|sl_x5,2013-07-31 14:41:00-04:00,-227.5,220.0,daily_3_high,daily_3,3094.75,2.25
daily_3_high_2013-09-20,nq_daily_3,2013-09-20,Short,6.5,2013-09-20 10:37:00-04:00,3239.25,3240.55,5,False,full_stop,entry5@3239.25|sl_x5,2013-09-20 10:42:00-04:00,-137.5,130.0,daily_3_high,daily_3,3237.75,1.5
daily_3_low_2013-12-12,nq_daily_3,2013-12-12,Long,7.75,2013-12-12 12:01:00-05:00,3462.75,3461.2,5,False,full_stop,entry5@3462.75|sl_x5,2013-12-12 12:22:00-05:00,-162.5,155.0,daily_3_low,daily_3,3464.5,1.75
daily_3_low_2013-12-13,nq_daily_3,2013-12-13,Long,9.25,2013-12-13 10:24:00-05:00,3454.25,3452.4,5,False,full_stop,entry5@3454.25|sl_x5,2013-12-13 11:49:00-05:00,-192.5,185.0,daily_3_low,daily_3,3458.0,3.75
daily_3_high_2013-12-24,nq_daily_3,2013-12-24,Short,7.25,2013-12-24 12:39:00-05:00,3568.75,3570.2,5,False,full_stop,entry5@3568.75|sl_x5,2013-12-24 12:59:00-05:00,-152.5,145.0,daily_3_high,daily_3,3566.75,2.0
daily_3_low_2014-01-02,nq_daily_3,2014-01-02,Long,15.0,2014-01-02 13:31:00-05:00,3552.25,3549.25,5,False,full_stop,entry5@3552.25|sl_x5,2014-01-02 14:20:00-05:00,-307.5,300.0,daily_3_low,daily_3,3556.0,3.75
daily_3_low_2014-01-24,nq_daily_3,2014-01-24,Long,21.0,2014-01-24 10:31:00-05:00,3572.5,3568.3,5,False,full_stop,entry5@3572.50|sl_x5,2014-01-24 10:41:00-05:00,-427.5,420.0,daily_3_low,daily_3,3579.5,7.0
daily_3_high_2014-02-13,nq_daily_3,2014-02-13,Short,15.75,2014-02-13 10:51:00-05:00,3635.0,3638.15,5,False,full_stop,entry5@3635.00|sl_x5,2014-02-13 10:52:00-05:00,-322.5,315.0,daily_3_high,daily_3,3633.5,1.5
daily_3_high_2014-02-18,nq_daily_3,2014-02-18,Short,9.75,2014-02-18 10:21:00-05:00,3675.0,3676.95,5,False,full_stop,entry5@3675.00|sl_x5,2014-02-18 10:25:00-05:00,-202.5,195.0,daily_3_high,daily_3,3668.0,7.0
daily_3_high_2014-03-05,nq_daily_3,2014-03-05,Short,6.5,2014-03-05 10:25:00-05:00,3724.75,3726.05,5,False,full_stop,entry5@3724.75|sl_x5,2014-03-05 10:26:00-05:00,-137.5,130.0,daily_3_high,daily_3,3723.25,1.5
daily_3_low_2014-03-07,nq_daily_3,2014-03-07,Long,20.0,2014-03-07 11:02:00-05:00,3697.25,3693.25,5,False,full_stop,entry5@3697.25|sl_x5,2014-03-07 11:02:00-05:00,-407.5,400.0,daily_3_low,daily_3,3706.0,8.75
daily_3_low_2014-03-14,nq_daily_3,2014-03-14,Long,16.5,2014-03-14 10:55:00-04:00,3631.25,3627.95,5,False,full_stop,entry5@3631.25|sl_x5,2014-03-14 10:59:00-04:00,-337.5,330.0,daily_3_low,daily_3,3636.25,5.0
daily_3_low_2014-04-07,nq_daily_3,2014-04-07,Long,21.25,2014-04-07 12:09:00-04:00,3499.0,3494.75,5,False,full_stop,entry5@3499.00|sl_x5,2014-04-07 12:13:00-04:00,-432.5,425.0,daily_3_low,daily_3,3522.75,23.75
daily_3_low_2014-04-11,nq_daily_3,2014-04-11,Long,34.25,2014-04-11 10:04:00-04:00,3462.25,3455.4,5,False,full_stop,entry5@3462.25|sl_x5,2014-04-11 10:09:00-04:00,-692.5,685.0,daily_3_low,daily_3,3470.25,8.0
daily_3_high_2014-04-16,nq_daily_3,2014-04-16,Short,16.5,2014-04-16 12:00:00-04:00,3506.75,3510.05,5,False,full_stop,entry5@3506.75|sl_x5,2014-04-16 12:02:00-04:00,-337.5,330.0,daily_3_high,daily_3,3498.5,8.25
daily_3_high_2014-05-13,nq_daily_3,2014-05-13,Short,12.0,2014-05-13 10:14:00-04:00,3620.75,3623.15,5,False,full_stop,entry5@3620.75|sl_x5,2014-05-13 10:39:00-04:00,-247.5,240.0,daily_3_high,daily_3,3610.25,10.5
daily_3_high_2014-06-05,nq_daily_3,2014-06-05,Short,13.25,2014-06-05 11:05:00-04:00,3753.25,3755.9,5,False,full_stop,entry5@3753.25|sl_x5,2014-06-05 11:19:00-04:00,-272.5,265.0,daily_3_high,daily_3,3749.25,4.0
daily_3_low_2014-08-01,nq_daily_3,2014-08-01,Long,17.75,2014-08-01 10:55:00-04:00,3878.25,3874.7,5,False,full_stop,entry5@3878.25|sl_x5,2014-08-01 10:56:00-04:00,-362.5,355.0,daily_3_low,daily_3,3881.75,3.5
daily_3_low_2014-10-01,nq_daily_3,2014-10-01,Long,21.25,2014-10-01 12:45:00-04:00,3991.75,3987.5,5,False,full_stop,entry5@3991.75|sl_x5,2014-10-01 12:49:00-04:00,-432.5,425.0,daily_3_low,daily_3,4000.25,8.5
daily_3_high_2014-12-18,nq_daily_3,2014-12-18,Short,17.75,2014-12-18 13:20:00-05:00,4242.0,4245.55,5,False,full_stop,entry5@4242.00|sl_x5,2014-12-18 13:23:00-05:00,-362.5,355.0,daily_3_high,daily_3,4234.0,8.0
daily_3_high_2014-12-19,nq_daily_3,2014-12-19,Short,15.5,2014-12-19 09:58:00-05:00,4267.25,4270.35,5,False,full_stop,entry5@4267.25|sl_x5,2014-12-19 09:59:00-05:00,-317.5,310.0,daily_3_high,daily_3,4262.25,5.0
daily_3_high_2015-01-22,nq_daily_3,2015-01-22,Short,43.0,2015-01-22 10:36:00-05:00,4209.5,4218.1,5,False,full_stop,entry5@4209.50|sl_x5,2015-01-22 10:47:00-05:00,-867.5,860.0,daily_3_high,daily_3,4205.25,4.25
daily_3_high_2015-02-03,nq_daily_3,2015-02-03,Short,18.0,2015-02-03 15:24:00-05:00,4212.0,4215.6,5,False,full_stop,entry5@4212.00|sl_x5,2015-02-03 15:42:00-05:00,-367.5,360.0,daily_3_high,daily_3,4203.25,8.75
daily_3_low_2015-03-11,nq_daily_3,2015-03-11,Long,15.75,2015-03-11 10:33:00-04:00,4327.0,4323.85,5,False,full_stop,entry5@4327.00|sl_x5,2015-03-11 10:34:00-04:00,-322.5,315.0,daily_3_low,daily_3,4331.25,4.25
daily_3_high_2015-04-07,nq_daily_3,2015-04-07,Short,21.25,2015-04-07 10:22:00-04:00,4363.5,4367.75,5,False,full_stop,entry5@4363.50|sl_x5,2015-04-07 10:30:00-04:00,-432.5,425.0,daily_3_high,daily_3,4354.75,8.75
daily_3_high_2015-04-09,nq_daily_3,2015-04-09,Short,22.75,2015-04-09 14:58:00-04:00,4383.0,4387.55,5,False,full_stop,entry5@4383.00|sl_x5,2015-04-09 15:03:00-04:00,-462.5,455.0,daily_3_high,daily_3,4376.5,6.5
daily_3_high_2015-04-10,nq_daily_3,2015-04-10,Short,13.75,2015-04-10 10:32:00-04:00,4403.0,4405.75,5,False,full_stop,entry5@4403.00|sl_x5,2015-04-10 10:37:00-04:00,-282.5,275.0,daily_3_high,daily_3,4398.75,4.25
daily_3_high_2015-05-22,nq_daily_3,2015-05-22,Short,16.0,2015-05-22 10:39:00-04:00,4538.75,4541.95,5,False,full_stop,entry5@4538.75|sl_x5,2015-05-22 13:03:00-04:00,-327.5,320.0,daily_3_high,daily_3,4536.5,2.25
daily_3_low_2015-06-26,nq_daily_3,2015-06-26,Long,18.0,2015-06-26 10:23:00-04:00,4497.5,4493.9,5,False,full_stop,entry5@4497.50|sl_x5,2015-06-26 10:48:00-04:00,-367.5,360.0,daily_3_low,daily_3,4500.0,2.5
daily_3_low_2015-08-07,nq_daily_3,2015-08-07,Long,19.0,2015-08-07 11:15:00-04:00,4495.25,4491.45,5,False,full_stop,entry5@4495.25|sl_x5,2015-08-07 11:18:00-04:00,-387.5,380.0,daily_3_low,daily_3,4502.75,7.5
daily_3_high_2015-11-18,nq_daily_3,2015-11-18,Short,10.5,2015-11-18 10:24:00-05:00,4601.25,4603.35,5,False,full_stop,entry5@4601.25|sl_x5,2015-11-18 11:14:00-05:00,-217.5,210.0,daily_3_high,daily_3,4597.75,3.5
daily_3_low_2015-12-14,nq_daily_3,2015-12-14,Long,27.5,2015-12-14 10:12:00-05:00,4519.0,4513.5,5,False,full_stop,entry5@4519.00|sl_x5,2015-12-14 10:12:00-05:00,-557.5,550.0,daily_3_low,daily_3,4526.5,7.5
daily_3_high_2015-12-24,nq_daily_3,2015-12-24,Short,12.0,2015-12-24 11:47:00-05:00,4625.75,4628.15,5,False,full_stop,entry5@4625.75|sl_x5,2015-12-24 11:52:00-05:00,-247.5,240.0,daily_3_high,daily_3,4620.25,5.5
daily_3_low_2016-01-06,nq_daily_3,2016-01-06,Long,25.75,2016-01-06 14:43:00-05:00,4418.0,4412.85,5,False,full_stop,entry5@4418.00|sl_x5,2016-01-06 14:47:00-05:00,-522.5,515.0,daily_3_low,daily_3,4429.75,11.75
daily_3_high_2016-05-31,nq_daily_3,2016-05-31,Short,6.5,2016-05-31 10:35:00-04:00,4526.0,4527.3,5,True,runner_tp,entry5@4526.00|scale4@opp|runner_tp,2016-05-31 12:19:00-04:00,1347.5,130.0,daily_3_high,daily_3,4524.0,2.0
daily_3_low_2016-06-13,nq_daily_3,2016-06-13,Long,11.5,2016-06-13 11:51:00-04:00,4427.0,4424.7,5,False,full_stop,entry5@4427.00|sl_x5,2016-06-13 11:53:00-04:00,-237.5,230.0,daily_3_low,daily_3,4438.25,11.25
daily_3_high_2016-07-28,nq_daily_3,2016-07-28,Short,22.5,2016-07-28 15:28:00-04:00,4713.25,4717.75,5,False,full_stop,entry5@4713.25|sl_x5,2016-07-28 15:45:00-04:00,-457.5,450.0,daily_3_high,daily_3,4709.75,3.5
daily_3_high_2016-07-29,nq_daily_3,2016-07-29,Short,12.75,2016-07-29 11:02:00-04:00,4730.25,4732.8,5,False,full_stop,entry5@4730.25|sl_x5,2016-07-29 11:24:00-04:00,-262.5,255.0,daily_3_high,daily_3,4719.0,11.25
daily_3_high_2016-08-09,nq_daily_3,2016-08-09,Short,13.25,2016-08-09 10:14:00-04:00,4798.5,4801.15,5,False,full_stop,entry5@4798.50|sl_x5,2016-08-09 10:17:00-04:00,-272.5,265.0,daily_3_high,daily_3,4797.75,0.75
daily_3_high_2016-10-18,nq_daily_3,2016-10-18,Short,12.5,2016-10-18 11:42:00-04:00,4847.5,4850.0,5,False,full_stop,entry5@4847.50|sl_x5,2016-10-18 11:51:00-04:00,-257.5,250.0,daily_3_high,daily_3,4841.0,6.5
daily_3_low_2016-11-03,nq_daily_3,2016-11-03,Long,15.0,2016-11-03 10:15:00-04:00,4705.75,4702.75,5,False,full_stop,entry5@4705.75|sl_x5,2016-11-03 12:06:00-04:00,-307.5,300.0,daily_3_low,daily_3,4710.5,4.75
daily_3_low_2016-11-04,nq_daily_3,2016-11-04,Long,33.0,2016-11-04 15:47:00-04:00,4657.75,4651.15,5,False,eod,entry5@4657.75|eod_x5,2016-11-04 15:59:00-04:00,-32.5,660.0,daily_3_low,daily_3,4670.5,12.75
daily_3_high_2016-12-08,nq_daily_3,2016-12-08,Short,20.25,2016-12-08 11:08:00-05:00,4865.25,4869.3,5,False,full_stop,entry5@4865.25|sl_x5,2016-12-08 12:49:00-05:00,-412.5,405.0,daily_3_high,daily_3,4854.75,10.5
daily_3_high_2017-01-09,nq_daily_3,2017-01-09,Short,12.75,2017-01-09 11:19:00-05:00,5020.5,5023.05,5,False,full_stop,entry5@5020.50|sl_x5,2017-01-09 11:20:00-05:00,-262.5,255.0,daily_3_high,daily_3,5017.5,3.0
daily_3_low_2017-01-31,nq_daily_3,2017-01-31,Long,14.0,2017-01-31 11:29:00-05:00,5090.5,5087.7,5,False,full_stop,entry5@5090.50|sl_x5,2017-01-31 11:34:00-05:00,-287.5,280.0,daily_3_low,daily_3,5094.5,4.0
daily_3_high_2017-02-21,nq_daily_3,2017-02-21,Short,9.0,2017-02-21 10:08:00-05:00,5347.0,5348.8,5,False,full_stop,entry5@5347.00|sl_x5,2017-02-21 10:11:00-05:00,-187.5,180.0,daily_3_high,daily_3,5344.25,2.75
daily_3_high_2017-03-30,nq_daily_3,2017-03-30,Short,12.5,2017-03-30 09:56:00-04:00,5438.25,5440.75,5,False,full_stop,entry5@5438.25|sl_x5,2017-03-30 09:57:00-04:00,-257.5,250.0,daily_3_high,daily_3,5435.5,2.75
daily_3_high_2017-04-27,nq_daily_3,2017-04-27,Short,7.25,2017-04-27 12:57:00-04:00,5565.75,5567.2,5,False,full_stop,entry5@5565.75|sl_x5,2017-04-27 12:59:00-04:00,-152.5,145.0,daily_3_high,daily_3,5562.5,3.25
daily_3_high_2017-05-08,nq_daily_3,2017-05-08,Short,12.5,2017-05-08 10:44:00-04:00,5647.75,5650.25,5,True,runner_sl,entry5@5647.75|scale4@opp|sl_x1,2017-05-08 12:33:00-04:00,652.5,250.0,daily_3_high,daily_3,5644.25,3.5
daily_3_high_2017-05-23,nq_daily_3,2017-05-23,Short,16.0,2017-05-23 10:21:00-04:00,5706.25,5709.45,5,True,runner_sl,entry5@5706.25|scale4@opp|sl_x1,2017-05-23 11:14:00-04:00,372.5,320.0,daily_3_high,daily_3,5704.0,2.25
daily_3_high_2017-06-09,nq_daily_3,2017-06-09,Short,15.5,2017-06-09 10:05:00-04:00,5901.5,5904.6,5,False,full_stop,entry5@5901.50|sl_x5,2017-06-09 10:10:00-04:00,-317.5,310.0,daily_3_high,daily_3,5895.25,6.25
daily_3_high_2017-07-20,nq_daily_3,2017-07-20,Short,16.75,2017-07-20 12:23:00-04:00,5929.75,5933.1,5,True,eod,entry5@5929.75|scale4@opp|eod_x1,2017-07-20 15:59:00-04:00,997.5,335.0,daily_3_high,daily_3,5925.0,4.75
daily_3_high_2017-10-13,nq_daily_3,2017-10-13,Short,8.5,2017-10-13 10:20:00-04:00,6099.5,6101.2,5,False,full_stop,entry5@6099.50|sl_x5,2017-10-13 10:21:00-04:00,-177.5,170.0,daily_3_high,daily_3,6097.0,2.5
daily_3_high_2017-11-27,nq_daily_3,2017-11-27,Short,11.25,2017-11-27 10:07:00-05:00,6419.75,6422.0,5,False,full_stop,entry5@6419.75|sl_x5,2017-11-27 10:16:00-05:00,-232.5,225.0,daily_3_high,daily_3,6416.0,3.75
daily_3_low_2018-03-28,nq_daily_3,2018-03-28,Long,96.75,2018-03-28 10:43:00-04:00,6453.0,6433.65,5,False,full_stop,entry5@6453.00|sl_x5,2018-03-28 10:47:00-04:00,-1942.5,1935.0,daily_3_low,daily_3,6490.0,37.0
daily_3_low_2018-06-28,nq_daily_3,2018-06-28,Long,38.75,2018-06-28 10:37:00-04:00,6972.0,6964.25,5,True,runner_tp,entry5@6972.00|scale4@opp|runner_tp,2018-06-28 14:47:00-04:00,5242.5,775.0,daily_3_low,daily_3,6988.0,16.0
daily_3_high_2018-07-13,nq_daily_3,2018-07-13,Short,11.75,2018-07-13 10:24:00-04:00,7395.75,7398.1,5,False,full_stop,entry5@7395.75|sl_x5,2018-07-13 10:27:00-04:00,-242.5,235.0,daily_3_high,daily_3,7387.0,8.75
daily_3_high_2018-08-03,nq_daily_3,2018-08-03,Short,31.75,2018-08-03 10:28:00-04:00,7399.25,7405.6,5,False,eod,entry5@7399.25|eod_x5,2018-08-03 15:59:00-04:00,-207.5,635.0,daily_3_high,daily_3,7390.25,9.0
daily_3_high_2018-09-27,nq_daily_3,2018-09-27,Short,28.0,2018-09-27 10:50:00-04:00,7674.75,7680.35,5,False,full_stop,entry5@7674.75|sl_x5,2018-09-27 11:00:00-04:00,-567.5,560.0,daily_3_high,daily_3,7668.0,6.75
daily_3_low_2018-10-11,nq_daily_3,2018-10-11,Long,76.5,2018-10-11 11:04:00-04:00,7005.5,6990.2,5,False,full_stop,entry5@7005.50|sl_x5,2018-10-11 11:04:00-04:00,-1537.5,1530.0,daily_3_low,daily_3,7062.5,57.0
daily_3_high_2018-10-31,nq_daily_3,2018-10-31,Short,41.75,2018-10-31 10:16:00-04:00,6995.25,7003.6,5,False,full_stop,entry5@6995.25|sl_x5,2018-10-31 10:18:00-04:00,-842.5,835.0,daily_3_high,daily_3,6986.5,8.75
daily_3_low_2018-11-05,nq_daily_3,2018-11-05,Long,70.25,2018-11-05 10:02:00-05:00,6898.25,6884.2,5,False,full_stop,entry5@6898.25|sl_x5,2018-11-05 10:10:00-05:00,-1412.5,1405.0,daily_3_low,daily_3,6911.25,13.0
daily_3_high_2019-03-15,nq_daily_3,2019-03-15,Short,23.0,2019-03-15 11:16:00-04:00,7332.5,7337.1,5,False,full_stop,entry5@7332.50|sl_x5,2019-03-15 11:18:00-04:00,-467.5,460.0,daily_3_high,daily_3,7324.25,8.25
daily_3_high_2019-04-02,nq_daily_3,2019-04-02,Short,15.25,2019-04-02 10:26:00-04:00,7509.25,7512.3,5,False,full_stop,entry5@7509.25|sl_x5,2019-04-02 10:26:00-04:00,-312.5,305.0,daily_3_high,daily_3,7506.5,2.75
daily_3_high_2019-07-15,nq_daily_3,2019-07-15,Short,17.5,2019-07-15 10:22:00-04:00,7974.5,7978.0,5,True,runner_sl,entry5@7974.50|scale4@opp|sl_x1,2019-07-15 10:56:00-04:00,592.5,350.0,daily_3_high,daily_3,7966.75,7.75
daily_3_high_2019-07-24,nq_daily_3,2019-07-24,Short,28.75,2019-07-24 10:30:00-04:00,7980.75,7986.5,5,False,full_stop,entry5@7980.75|sl_x5,2019-07-24 10:33:00-04:00,-582.5,575.0,daily_3_high,daily_3,7974.25,6.5
daily_3_high_2019-07-26,nq_daily_3,2019-07-26,Short,39.5,2019-07-26 11:58:00-04:00,8031.75,8039.65,5,False,full_stop,entry5@8031.75|sl_x5,2019-07-26 15:22:00-04:00,-797.5,790.0,daily_3_high,daily_3,8026.5,5.25
daily_3_low_2019-08-23,nq_daily_3,2019-08-23,Long,17.75,2019-08-23 11:02:00-04:00,7628.0,7624.45,5,False,full_stop,entry5@7628.00|sl_x5,2019-08-23 11:02:00-04:00,-362.5,355.0,daily_3_low,daily_3,7654.0,26.0
daily_3_high_2019-11-19,nq_daily_3,2019-11-19,Short,15.75,2019-11-19 11:39:00-05:00,8355.0,8358.15,5,True,runner_sl,entry5@8355.00|scale4@opp|sl_x1,2019-11-19 12:00:00-05:00,492.5,315.0,daily_3_high,daily_3,8345.75,9.25
daily_3_high_2019-12-27,nq_daily_3,2019-12-27,Short,19.25,2019-12-27 11:43:00-05:00,8820.0,8823.85,5,True,runner_tp,entry5@8820.00|scale4@opp|runner_tp,2019-12-27 13:19:00-05:00,1027.5,385.0,daily_3_high,daily_3,8802.0,18.0
daily_3_high_2020-01-08,nq_daily_3,2020-01-08,Short,38.0,2020-01-08 10:15:00-05:00,8896.0,8903.6,5,False,full_stop,entry5@8896.00|sl_x5,2020-01-08 11:29:00-05:00,-767.5,760.0,daily_3_high,daily_3,8888.0,8.0
daily_3_high_2020-03-25,nq_daily_3,2020-03-25,Short,179.25,2020-03-25 12:38:00-04:00,7612.25,7648.1,5,False,full_stop,entry5@7612.25|sl_x5,2020-03-25 13:07:00-04:00,-3592.5,3585.0,daily_3_high,daily_3,7534.5,77.75
daily_3_high_2020-06-01,nq_daily_3,2020-06-01,Short,53.25,2020-06-01 12:45:00-04:00,9585.0,9595.65,5,False,full_stop,entry5@9585.00|sl_x5,2020-06-01 13:06:00-04:00,-1072.5,1065.0,daily_3_high,daily_3,9571.5,13.5
daily_3_high_2020-06-02,nq_daily_3,2020-06-02,Short,35.25,2020-06-02 14:02:00-04:00,9611.5,9618.55,5,False,full_stop,entry5@9611.50|sl_x5,2020-06-02 15:49:00-04:00,-712.5,705.0,daily_3_high,daily_3,9605.75,5.75
daily_3_high_2020-06-09,nq_daily_3,2020-06-09,Short,48.25,2020-06-09 10:22:00-04:00,9910.25,9919.9,5,False,full_stop,entry5@9910.25|sl_x5,2020-06-09 10:40:00-04:00,-972.5,965.0,daily_3_high,daily_3,9901.0,9.25
daily_3_high_2020-06-17,nq_daily_3,2020-06-17,Short,39.75,2020-06-17 12:32:00-04:00,10018.0,10025.95,5,False,full_stop,entry5@10018.00|sl_x5,2020-06-17 12:33:00-04:00,-802.5,795.0,daily_3_high,daily_3,10001.75,16.25
daily_3_high_2020-07-07,nq_daily_3,2020-07-07,Short,60.25,2020-07-07 10:11:00-04:00,10633.25,10645.3,5,False,full_stop,entry5@10633.25|sl_x5,2020-07-07 10:12:00-04:00,-1212.5,1205.0,daily_3_high,daily_3,10614.5,18.75
daily_3_high_2020-08-13,nq_daily_3,2020-08-13,Short,65.0,2020-08-13 10:29:00-04:00,11226.25,11239.25,5,False,full_stop,entry5@11226.25|sl_x5,2020-08-13 10:34:00-04:00,-1307.5,1300.0,daily_3_high,daily_3,11185.75,40.5
daily_3_high_2020-08-17,nq_daily_3,2020-08-17,Short,30.75,2020-08-17 13:03:00-04:00,11276.75,11282.9,5,False,full_stop,entry5@11276.75|sl_x5,2020-08-17 13:16:00-04:00,-622.5,615.0,daily_3_high,daily_3,11266.0,10.75
daily_3_high_2020-08-27,nq_daily_3,2020-08-27,Short,103.75,2020-08-27 10:34:00-04:00,12006.75,12027.5,5,False,full_stop,entry5@12006.75|sl_x5,2020-08-27 11:03:00-04:00,-2082.5,2075.0,daily_3_high,daily_3,11974.5,32.25
daily_3_high_2020-09-02,nq_daily_3,2020-09-02,Short,76.25,2020-09-02 15:11:00-04:00,12404.75,12420.0,5,False,full_stop,entry5@12404.75|sl_x5,2020-09-02 15:14:00-04:00,-1532.5,1525.0,daily_3_high,daily_3,12300.75,104.0
daily_3_high_2020-10-01,nq_daily_3,2020-10-01,Short,33.75,2020-10-01 11:35:00-04:00,11552.5,11559.25,5,True,runner_tp,entry5@11552.50|scale4@opp|runner_tp,2020-10-01 12:16:00-04:00,2442.5,675.0,daily_3_high,daily_3,11526.0,26.5
daily_3_low_2020-10-15,nq_daily_3,2020-10-15,Long,102.5,2020-10-15 10:07:00-04:00,11835.25,11814.75,5,True,runner_sl,entry5@11835.25|scale4@opp|sl_x1,2020-10-15 10:08:00-04:00,1652.5,2050.0,daily_3_low,daily_3,11867.25,32.0
daily_3_high_2020-11-16,nq_daily_3,2020-11-16,Short,93.75,2020-11-16 10:22:00-05:00,11989.0,12007.75,5,False,full_stop,entry5@11989.00|sl_x5,2020-11-16 10:32:00-05:00,-1882.5,1875.0,daily_3_high,daily_3,11975.75,13.25
daily_3_low_2021-01-15,nq_daily_3,2021-01-15,Long,51.75,2021-01-15 11:05:00-05:00,12752.5,12742.15,5,False,eod,entry5@12752.50|eod_x5,2021-01-15 15:59:00-05:00,4617.5,1035.0,daily_3_low,daily_3,12767.25,14.75
daily_3_high_2021-02-02,nq_daily_3,2021-02-02,Short,59.0,2021-02-02 10:18:00-05:00,13423.25,13435.05,5,False,full_stop,entry5@13423.25|sl_x5,2021-02-02 10:19:00-05:00,-1187.5,1180.0,daily_3_high,daily_3,13394.0,29.25
daily_3_high_2021-02-05,nq_daily_3,2021-02-05,Short,48.75,2021-02-05 12:03:00-05:00,13580.25,13590.0,5,False,full_stop,entry5@13580.25|sl_x5,2021-02-05 12:11:00-05:00,-982.5,975.0,daily_3_high,daily_3,13552.5,27.75
daily_3_high_2021-02-10,nq_daily_3,2021-02-10,Short,47.75,2021-02-10 10:00:00-05:00,13745.5,13755.05,5,True,runner_tp,entry5@13745.50|scale4@opp|runner_tp,2021-02-10 10:20:00-05:00,4072.5,955.0,daily_3_high,daily_3,13735.25,10.25
daily_3_high_2021-03-11,nq_daily_3,2021-03-11,Short,75.75,2021-03-11 10:49:00-05:00,13005.25,13020.4,5,False,full_stop,entry5@13005.25|sl_x5,2021-03-11 10:59:00-05:00,-1522.5,1515.0,daily_3_high,daily_3,12979.5,25.75
daily_3_low_2021-03-19,nq_daily_3,2021-03-19,Long,112.75,2021-03-19 10:04:00-04:00,12725.0,12702.45,5,False,full_stop,entry5@12725.00|sl_x5,2021-03-19 10:05:00-04:00,-2262.5,2255.0,daily_3_low,daily_3,12762.0,37.0
daily_3_low_2021-03-25,nq_daily_3,2021-03-25,Long,114.5,2021-03-25 10:36:00-04:00,12721.0,12698.1,5,False,full_stop,entry5@12721.00|sl_x5,2021-03-25 10:46:00-04:00,-2297.5,2290.0,daily_3_low,daily_3,12788.25,67.25
daily_3_high_2021-06-23,nq_daily_3,2021-06-23,Short,45.5,2021-06-23 09:58:00-04:00,14300.5,14309.6,5,False,full_stop,entry5@14300.50|sl_x5,2021-06-23 09:59:00-04:00,-917.5,910.0,daily_3_high,daily_3,14279.25,21.25
daily_3_high_2021-08-04,nq_daily_3,2021-08-04,Short,33.25,2021-08-04 13:00:00-04:00,15069.5,15076.15,5,False,full_stop,entry5@15069.50|sl_x5,2021-08-04 13:03:00-04:00,-672.5,665.0,daily_3_high,daily_3,15051.5,18.0
daily_3_high_2021-08-20,nq_daily_3,2021-08-20,Short,37.0,2021-08-20 10:18:00-04:00,15072.75,15080.15,5,False,full_stop,entry5@15072.75|sl_x5,2021-08-20 10:18:00-04:00,-747.5,740.0,daily_3_high,daily_3,15058.0,14.75
daily_3_high_2021-08-24,nq_daily_3,2021-08-24,Short,40.75,2021-08-24 10:03:00-04:00,15350.25,15358.4,5,False,full_stop,entry5@15350.25|sl_x5,2021-08-24 10:08:00-04:00,-822.5,815.0,daily_3_high,daily_3,15337.5,12.75
daily_3_high_2021-08-27,nq_daily_3,2021-08-27,Short,48.25,2021-08-27 13:21:00-04:00,15428.75,15438.4,5,False,full_stop,entry5@15428.75|sl_x5,2021-08-27 15:08:00-04:00,-972.5,965.0,daily_3_high,daily_3,15397.0,31.75
daily_3_low_2021-10-12,nq_daily_3,2021-10-12,Long,90.0,2021-10-12 10:17:00-04:00,14657.5,14639.5,5,False,full_stop,entry5@14657.50|sl_x5,2021-10-12 10:54:00-04:00,-1807.5,1800.0,daily_3_low,daily_3,14696.25,38.75
daily_3_high_2021-10-20,nq_daily_3,2021-10-20,Short,32.75,2021-10-20 10:30:00-04:00,15439.0,15445.55,5,False,full_stop,entry5@15439.00|sl_x5,2021-10-20 10:32:00-04:00,-662.5,655.0,daily_3_high,daily_3,15403.75,35.25
daily_3_low_2021-11-10,nq_daily_3,2021-11-10,Long,84.25,2021-11-10 12:43:00-05:00,16107.25,16090.4,5,True,runner_sl,entry5@16107.25|scale4@opp|sl_x1,2021-11-10 13:02:00-05:00,1492.5,1685.0,daily_3_low,daily_3,16160.0,52.75
daily_3_high_2021-11-18,nq_daily_3,2021-11-18,Short,49.25,2021-11-18 11:34:00-05:00,16421.0,16430.85,5,False,full_stop,entry5@16421.00|sl_x5,2021-11-18 11:34:00-05:00,-992.5,985.0,daily_3_high,daily_3,16396.5,24.5
daily_3_low_2021-12-03,nq_daily_3,2021-12-03,Long,158.75,2021-12-03 10:35:00-05:00,15733.0,15701.25,5,False,full_stop,entry5@15733.00|sl_x5,2021-12-03 10:41:00-05:00,-3182.5,3175.0,daily_3_low,daily_3,15762.75,29.75
daily_3_low_2021-12-31,nq_daily_3,2021-12-31,Long,58.0,2021-12-31 12:18:00-05:00,16354.0,16342.4,5,False,full_stop,entry5@16354.00|sl_x5,2021-12-31 15:50:00-05:00,-1167.5,1160.0,daily_3_low,daily_3,16387.5,33.5
daily_3_high_2023-03-03,nq_daily_3,2023-03-03,Short,34.75,2023-03-03 10:15:00-05:00,12201.25,12208.2,5,False,full_stop,entry5@12201.25|sl_x5,2023-03-03 10:15:00-05:00,-702.5,695.0,daily_3_high,daily_3,12172.75,28.5
daily_3_high_2023-03-16,nq_daily_3,2023-03-16,Short,67.0,2023-03-16 10:41:00-04:00,12435.0,12448.4,5,False,full_stop,entry5@12435.00|sl_x5,2023-03-16 10:41:00-04:00,-1347.5,1340.0,daily_3_high,daily_3,12407.5,27.5
daily_3_high_2023-03-21,nq_daily_3,2023-03-21,Short,41.25,2023-03-21 14:56:00-04:00,12837.25,12845.5,5,False,full_stop,entry5@12837.25|sl_x5,2023-03-21 14:58:00-04:00,-832.5,825.0,daily_3_high,daily_3,12811.25,26.0
daily_3_high_2023-05-16,nq_daily_3,2023-05-16,Short,69.0,2023-05-16 10:31:00-04:00,13515.75,13529.55,5,False,full_stop,entry5@13515.75|sl_x5,2023-05-16 10:57:00-04:00,-1387.5,1380.0,daily_3_high,daily_3,13487.25,28.5
daily_3_high_2023-06-05,nq_daily_3,2023-06-05,Short,84.5,2023-06-05 10:45:00-04:00,14646.0,14662.9,5,False,full_stop,entry5@14646.00|sl_x5,2023-06-05 10:55:00-04:00,-1697.5,1690.0,daily_3_high,daily_3,14627.75,18.25
daily_3_low_2023-08-03,nq_daily_3,2023-08-03,Long,62.25,2023-08-03 10:21:00-04:00,15385.5,15373.05,5,False,full_stop,entry5@15385.50|sl_x5,2023-08-03 10:25:00-04:00,-1252.5,1245.0,daily_3_low,daily_3,15414.0,28.5
daily_3_low_2023-09-25,nq_daily_3,2023-09-25,Long,85.0,2023-09-25 10:22:00-04:00,14837.5,14820.5,5,False,full_stop,entry5@14837.50|sl_x5,2023-09-25 10:26:00-04:00,-1707.5,1700.0,daily_3_low,daily_3,14852.5,15.0
daily_3_high_2023-12-18,nq_daily_3,2023-12-18,Short,45.5,2023-12-18 10:18:00-05:00,16902.75,16911.85,5,False,full_stop,entry5@16902.75|sl_x5,2023-12-18 11:44:00-05:00,-917.5,910.0,daily_3_high,daily_3,16887.25,15.5
daily_3_high_2023-12-19,nq_daily_3,2023-12-19,Short,51.0,2023-12-19 10:14:00-05:00,16991.5,17001.7,5,False,full_stop,entry5@16991.50|sl_x5,2023-12-19 10:31:00-05:00,-1027.5,1020.0,daily_3_high,daily_3,16974.0,17.5
daily_3_high_2023-12-27,nq_daily_3,2023-12-27,Short,30.0,2023-12-27 13:12:00-05:00,17124.75,17130.75,5,True,runner_tp,entry5@17124.75|scale4@opp|runner_tp,2023-12-27 14:05:00-05:00,3892.5,600.0,daily_3_high,daily_3,17111.25,13.5
daily_3_low_2024-01-03,nq_daily_3,2024-01-03,Long,60.75,2024-01-03 10:10:00-05:00,16593.5,16581.35,5,False,full_stop,entry5@16593.50|sl_x5,2024-01-03 10:12:00-05:00,-1222.5,1215.0,daily_3_low,daily_3,16622.5,29.0
daily_3_high_2024-02-29,nq_daily_3,2024-02-29,Short,51.75,2024-02-29 15:48:00-05:00,18070.5,18080.85,5,False,full_stop,entry5@18070.50|sl_x5,2024-02-29 15:50:00-05:00,-1042.5,1035.0,daily_3_high,daily_3,18059.5,11.0
daily_3_high_2024-05-07,nq_daily_3,2024-05-07,Short,38.5,2024-05-07 10:54:00-04:00,18233.25,18240.95,5,False,full_stop,entry5@18233.25|sl_x5,2024-05-07 10:56:00-04:00,-777.5,770.0,daily_3_high,daily_3,18198.25,35.0
daily_3_high_2024-05-14,nq_daily_3,2024-05-14,Short,52.5,2024-05-14 14:14:00-04:00,18370.75,18381.25,5,False,full_stop,entry5@18370.75|sl_x5,2024-05-14 14:15:00-04:00,-1057.5,1050.0,daily_3_high,daily_3,18348.0,22.75
daily_3_high_2024-05-16,nq_daily_3,2024-05-16,Short,28.0,2024-05-16 10:23:00-04:00,18716.5,18722.1,5,False,full_stop,entry5@18716.50|sl_x5,2024-05-16 10:29:00-04:00,-567.5,560.0,daily_3_high,daily_3,18707.0,9.5
daily_3_low_2024-06-24,nq_daily_3,2024-06-24,Long,78.25,2024-06-24 10:43:00-04:00,19866.75,19851.1,5,False,full_stop,entry5@19866.75|sl_x5,2024-06-24 10:48:00-04:00,-1572.5,1565.0,daily_3_low,daily_3,19914.25,47.5
daily_3_high_2024-07-03,nq_daily_3,2024-07-03,Short,51.5,2024-07-03 10:43:00-04:00,20300.0,20310.3,5,False,full_stop,entry5@20300.00|sl_x5,2024-07-03 10:46:00-04:00,-1037.5,1030.0,daily_3_high,daily_3,20273.25,26.75
daily_3_high_2024-07-10,nq_daily_3,2024-07-10,Short,46.5,2024-07-10 10:05:00-04:00,20777.75,20787.05,5,False,full_stop,entry5@20777.75|sl_x5,2024-07-10 10:09:00-04:00,-937.5,930.0,daily_3_high,daily_3,20771.75,6.0
daily_3_low_2025-01-08,nq_daily_3,2025-01-08,Long,95.0,2025-01-08 12:27:00-05:00,21231.0,21212.0,5,False,full_stop,entry5@21231.00|sl_x5,2025-01-08 12:28:00-05:00,-1907.5,1900.0,daily_3_low,daily_3,21261.5,30.5
daily_3_low_2025-02-27,nq_daily_3,2025-02-27,Long,210.75,2025-02-27 14:29:00-05:00,20896.25,20854.1,5,False,full_stop,entry5@20896.25|sl_x5,2025-02-27 14:32:00-05:00,-4222.5,4215.0,daily_3_low,daily_3,20990.0,93.75
daily_3_high_2025-03-17,nq_daily_3,2025-03-17,Short,164.5,2025-03-17 13:50:00-04:00,19827.75,19860.65,5,False,full_stop,entry5@19827.75|sl_x5,2025-03-17 14:11:00-04:00,-3297.5,3290.0,daily_3_high,daily_3,19777.75,50.0
daily_3_high_2025-06-26,nq_daily_3,2025-06-26,Short,71.5,2025-06-26 10:22:00-04:00,22572.5,22586.8,5,False,full_stop,entry5@22572.50|sl_x5,2025-06-26 10:31:00-04:00,-1437.5,1430.0,daily_3_high,daily_3,22548.25,24.25
daily_3_high_2025-08-11,nq_daily_3,2025-08-11,Short,57.5,2025-08-11 09:57:00-04:00,23736.75,23748.25,5,False,full_stop,entry5@23736.75|sl_x5,2025-08-11 10:10:00-04:00,-1157.5,1150.0,daily_3_high,daily_3,23724.0,12.75
daily_3_high_2025-08-28,nq_daily_3,2025-08-28,Short,112.5,2025-08-28 10:47:00-04:00,23709.0,23731.5,5,False,full_stop,entry5@23709.00|sl_x5,2025-08-28 11:12:00-04:00,-2257.5,2250.0,daily_3_high,daily_3,23657.5,51.5
daily_3_high_2025-09-12,nq_daily_3,2025-09-12,Short,63.0,2025-09-12 10:21:00-04:00,24060.75,24073.35,5,False,full_stop,entry5@24060.75|sl_x5,2025-09-12 10:22:00-04:00,-1267.5,1260.0,daily_3_high,daily_3,24046.0,14.75
daily_3_high_2025-10-06,nq_daily_3,2025-10-06,Short,105.0,2025-10-06 10:21:00-04:00,25179.0,25200.0,5,True,runner_sl,entry5@25179.00|scale4@opp|sl_x1,2025-10-06 11:43:00-04:00,4972.5,2100.0,daily_3_high,daily_3,25169.0,10.0
daily_3_low_2025-11-04,nq_daily_3,2025-11-04,Long,119.25,2025-11-04 11:50:00-05:00,25735.25,25711.4,5,False,full_stop,entry5@25735.25|sl_x5,2025-11-04 12:07:00-05:00,-2392.5,2385.0,daily_3_low,daily_3,25869.0,133.75
daily_3_high_2025-11-20,nq_daily_3,2025-11-20,Short,103.0,2025-11-20 10:37:00-05:00,25299.75,25320.35,5,True,runner_tp,entry5@25299.75|scale4@opp|runner_tp,2025-11-20 11:11:00-05:00,17427.5,2060.0,daily_3_high,daily_3,25254.0,45.75
daily_3_high_2025-11-28,nq_daily_3,2025-11-28,Short,91.0,2025-11-28 10:21:00-05:00,25399.0,25417.2,5,False,full_stop,entry5@25399.00|sl_x5,2025-11-28 10:52:00-05:00,-1827.5,1820.0,daily_3_high,daily_3,25376.0,23.0
daily_3_high_2026-01-26,nq_daily_3,2026-01-26,Short,122.75,2026-01-26 10:51:00-05:00,25886.5,25911.05,5,False,full_stop,entry5@25886.50|sl_x5,2026-01-26 11:30:00-05:00,-2462.5,2455.0,daily_3_high,daily_3,25845.75,40.75
daily_3_low_2026-02-03,nq_daily_3,2026-02-03,Long,229.25,2026-02-03 11:51:00-05:00,25470.25,25424.4,5,False,full_stop,entry5@25470.25|sl_x5,2026-02-03 12:12:00-05:00,-4592.5,4585.0,daily_3_low,daily_3,25536.0,65.75
daily_3_low_2026-02-04,nq_daily_3,2026-02-04,Long,160.0,2026-02-04 11:02:00-05:00,25108.0,25076.0,5,False,full_stop,entry5@25108.00|sl_x5,2026-02-04 11:03:00-05:00,-3207.5,3200.0,daily_3_low,daily_3,25219.0,111.0
daily_3_high_2026-03-04,nq_daily_3,2026-03-04,Short,133.0,2026-03-04 11:02:00-05:00,25148.5,25175.1,5,False,full_stop,entry5@25148.50|sl_x5,2026-03-04 12:53:00-05:00,-2667.5,2660.0,daily_3_high,daily_3,25101.0,47.5
daily_3_high_2010-12-13,nq_daily_3_wick25,2010-12-13,Short,8.25,2010-12-13 10:31:00-05:00,2221.75,2223.4,5,False,full_stop,entry5@2221.75|sl_x5,2010-12-13 10:55:00-05:00,-172.5,165.0,daily_3_high,daily_3,2216.75,5.0
daily_3_high_2011-01-06,nq_daily_3_wick25,2011-01-06,Short,4.25,2011-01-06 10:02:00-05:00,2274.0,2274.85,5,False,full_stop,entry5@2274.00|sl_x5,2011-01-06 10:02:00-05:00,-92.5,85.0,daily_3_high,daily_3,2270.25,3.75
daily_3_high_2011-01-11,nq_daily_3_wick25,2011-01-11,Short,7.25,2011-01-11 10:03:00-05:00,2289.5,2290.95,5,True,runner_sl,entry5@2289.50|scale4@opp|sl_x1,2011-01-11 10:28:00-05:00,172.5,145.0,daily_3_high,daily_3,2287.0,2.5
daily_3_high_2011-02-04,nq_daily_3_wick25,2011-02-04,Short,8.75,2011-02-04 13:12:00-05:00,2330.5,2332.25,5,False,full_stop,entry5@2330.50|sl_x5,2011-02-04 13:13:00-05:00,-182.5,175.0,daily_3_high,daily_3,2328.25,2.25
daily_3_high_2011-03-30,nq_daily_3_wick25,2011-03-30,Short,6.75,2011-03-30 12:14:00-04:00,2334.0,2335.35,5,False,full_stop,entry5@2334.00|sl_x5,2011-03-30 12:15:00-04:00,-142.5,135.0,daily_3_high,daily_3,2329.75,4.25
daily_3_high_2011-04-25,nq_daily_3_wick25,2011-04-25,Short,5.0,2011-04-25 10:00:00-04:00,2381.0,2382.0,5,True,runner_sl,entry5@2381.00|scale4@opp|sl_x1,2011-04-25 14:20:00-04:00,592.5,100.0,daily_3_high,daily_3,2379.25,1.75
daily_3_high_2011-05-27,nq_daily_3_wick25,2011-05-27,Short,2.75,2011-05-27 10:26:00-04:00,2332.5,2333.05,5,False,full_stop,entry5@2332.50|sl_x5,2011-05-27 10:26:00-04:00,-62.5,55.0,daily_3_high,daily_3,2331.0,1.5
daily_3_high_2011-11-29,nq_daily_3_wick25,2011-11-29,Short,12.0,2011-11-29 10:17:00-05:00,2237.75,2240.15,5,False,full_stop,entry5@2237.75|sl_x5,2011-11-29 10:18:00-05:00,-247.5,240.0,daily_3_high,daily_3,2228.0,9.75
daily_3_low_2012-01-30,nq_daily_3_wick25,2012-01-30,Long,10.25,2012-01-30 10:06:00-05:00,2432.75,2430.7,5,False,full_stop,entry5@2432.75|sl_x5,2012-01-30 10:13:00-05:00,-212.5,205.0,daily_3_low,daily_3,2436.75,4.0
daily_3_high_2012-02-28,nq_daily_3_wick25,2012-02-28,Short,9.0,2012-02-28 10:22:00-05:00,2623.25,2625.05,5,False,full_stop,entry5@2623.25|sl_x5,2012-02-28 10:30:00-05:00,-187.5,180.0,daily_3_high,daily_3,2616.75,6.5
daily_3_high_2012-03-21,nq_daily_3_wick25,2012-03-21,Short,7.5,2012-03-21 12:20:00-04:00,2742.0,2743.5,5,False,full_stop,entry5@2742.00|sl_x5,2012-03-21 12:40:00-04:00,-157.5,150.0,daily_3_high,daily_3,2736.5,5.5
daily_3_low_2012-05-02,nq_daily_3_wick25,2012-05-02,Long,13.75,2012-05-02 10:16:00-04:00,2707.0,2704.25,5,False,full_stop,entry5@2707.00|sl_x5,2012-05-02 10:30:00-04:00,-282.5,275.0,daily_3_low,daily_3,2710.5,3.5
daily_3_low_2012-05-18,nq_daily_3_wick25,2012-05-18,Long,19.5,2012-05-18 10:01:00-04:00,2501.5,2497.6,5,True,runner_sl,entry5@2501.50|scale4@opp|sl_x1,2012-05-18 11:32:00-04:00,1292.5,390.0,daily_3_low,daily_3,2507.25,5.75
daily_3_low_2012-08-23,nq_daily_3_wick25,2012-08-23,Long,9.5,2012-08-23 13:25:00-04:00,2754.75,2752.85,5,True,eod,entry5@2754.75|scale4@opp|eod_x1,2012-08-23 15:59:00-04:00,1572.5,190.0,daily_3_low,daily_3,2759.0,4.25
daily_3_high_2012-10-04,nq_daily_3_wick25,2012-10-04,Short,10.5,2012-10-04 15:17:00-04:00,2826.5,2828.6,5,False,full_stop,entry5@2826.50|sl_x5,2012-10-04 15:18:00-04:00,-217.5,210.0,daily_3_high,daily_3,2822.5,4.0
daily_3_low_2012-10-08,nq_daily_3_wick25,2012-10-08,Long,11.5,2012-10-08 10:23:00-04:00,2785.5,2783.2,5,False,full_stop,entry5@2785.50|sl_x5,2012-10-08 10:27:00-04:00,-237.5,230.0,daily_3_low,daily_3,2790.5,5.0
daily_3_high_2012-10-17,nq_daily_3_wick25,2012-10-17,Short,10.75,2012-10-17 12:24:00-04:00,2778.75,2780.9,5,False,eod,entry5@2778.75|eod_x5,2012-10-17 15:59:00-04:00,867.5,215.0,daily_3_high,daily_3,2774.75,4.0
daily_3_low_2012-10-23,nq_daily_3_wick25,2012-10-23,Long,8.75,2012-10-23 10:32:00-04:00,2659.0,2657.25,5,False,full_stop,entry5@2659.00|sl_x5,2012-10-23 10:33:00-04:00,-182.5,175.0,daily_3_low,daily_3,2664.75,5.75
daily_3_low_2012-11-13,nq_daily_3_wick25,2012-11-13,Long,13.5,2012-11-13 15:41:00-05:00,2563.75,2561.05,5,False,full_stop,entry5@2563.75|sl_x5,2012-11-13 15:45:00-05:00,-277.5,270.0,daily_3_low,daily_3,2568.75,5.0
daily_3_high_2012-11-21,nq_daily_3_wick25,2012-11-21,Short,10.0,2012-11-21 12:44:00-05:00,2600.75,2602.75,5,False,eod,entry5@2600.75|eod_x5,2012-11-21 15:59:00-05:00,242.5,200.0,daily_3_high,daily_3,2596.75,4.0
daily_3_high_2013-04-02,nq_daily_3_wick25,2013-04-02,Short,11.25,2013-04-02 10:47:00-04:00,2819.75,2822.0,5,False,full_stop,entry5@2819.75|sl_x5,2013-04-02 10:48:00-04:00,-232.5,225.0,daily_3_high,daily_3,2815.75,4.0
daily_3_high_2013-05-07,nq_daily_3_wick25,2013-05-07,Short,5.5,2013-05-07 10:00:00-04:00,2956.75,2957.85,5,True,runner_tp,entry5@2956.75|scale4@opp|runner_tp,2013-05-07 10:11:00-04:00,727.5,110.0,daily_3_high,daily_3,2954.0,2.75
daily_3_high_2013-05-08,nq_daily_3_wick25,2013-05-08,Short,7.0,2013-05-08 10:29:00-04:00,2958.5,2959.9,5,False,full_stop,entry5@2958.50|sl_x5,2013-05-08 10:35:00-04:00,-147.5,140.0,daily_3_high,daily_3,2956.75,1.75
daily_3_high_2013-05-13,nq_daily_3_wick25,2013-05-13,Short,8.25,2013-05-13 11:50:00-04:00,2981.5,2983.15,5,False,full_stop,entry5@2981.50|sl_x5,2013-05-13 11:50:00-04:00,-172.5,165.0,daily_3_high,daily_3,2978.25,3.25
daily_3_high_2013-05-20,nq_daily_3_wick25,2013-05-20,Short,8.75,2013-05-20 11:35:00-04:00,3030.5,3032.25,5,True,eod,entry5@3030.50|scale4@opp|eod_x1,2013-05-20 15:59:00-04:00,1197.5,175.0,daily_3_high,daily_3,3028.25,2.25
daily_3_low_2013-06-03,nq_daily_3_wick25,2013-06-03,Long,11.5,2013-06-03 10:02:00-04:00,2969.5,2967.2,5,False,full_stop,entry5@2969.50|sl_x5,2013-06-03 10:40:00-04:00,-237.5,230.0,daily_3_low,daily_3,2978.25,8.75
daily_3_high_2013-06-10,nq_daily_3_wick25,2013-06-10,Short,7.5,2013-06-10 10:35:00-04:00,2995.5,2997.0,5,False,full_stop,entry5@2995.50|sl_x5,2013-06-10 10:36:00-04:00,-157.5,150.0,daily_3_high,daily_3,2992.0,3.5
daily_3_high_2013-07-05,nq_daily_3_wick25,2013-07-05,Short,11.75,2013-07-05 14:31:00-04:00,2956.75,2959.1,5,False,eod,entry5@2956.75|eod_x5,2013-07-05 15:59:00-04:00,42.5,235.0,daily_3_high,daily_3,2949.0,7.75
daily_3_low_2013-12-13,nq_daily_3_wick25,2013-12-13,Long,9.25,2013-12-13 10:24:00-05:00,3454.25,3452.4,5,False,full_stop,entry5@3454.25|sl_x5,2013-12-13 11:49:00-05:00,-192.5,185.0,daily_3_low,daily_3,3458.0,3.75
daily_3_high_2013-12-24,nq_daily_3_wick25,2013-12-24,Short,7.25,2013-12-24 12:39:00-05:00,3568.75,3570.2,5,False,full_stop,entry5@3568.75|sl_x5,2013-12-24 12:59:00-05:00,-152.5,145.0,daily_3_high,daily_3,3566.75,2.0
daily_3_low_2014-01-02,nq_daily_3_wick25,2014-01-02,Long,15.0,2014-01-02 13:31:00-05:00,3552.25,3549.25,5,False,full_stop,entry5@3552.25|sl_x5,2014-01-02 14:20:00-05:00,-307.5,300.0,daily_3_low,daily_3,3556.0,3.75
daily_3_low_2014-01-24,nq_daily_3_wick25,2014-01-24,Long,21.0,2014-01-24 10:31:00-05:00,3572.5,3568.3,5,False,full_stop,entry5@3572.50|sl_x5,2014-01-24 10:41:00-05:00,-427.5,420.0,daily_3_low,daily_3,3579.5,7.0
daily_3_high_2014-02-18,nq_daily_3_wick25,2014-02-18,Short,9.75,2014-02-18 10:21:00-05:00,3675.0,3676.95,5,False,full_stop,entry5@3675.00|sl_x5,2014-02-18 10:25:00-05:00,-202.5,195.0,daily_3_high,daily_3,3668.0,7.0
daily_3_low_2014-03-07,nq_daily_3_wick25,2014-03-07,Long,20.0,2014-03-07 11:02:00-05:00,3697.25,3693.25,5,False,full_stop,entry5@3697.25|sl_x5,2014-03-07 11:02:00-05:00,-407.5,400.0,daily_3_low,daily_3,3706.0,8.75
daily_3_low_2014-03-14,nq_daily_3_wick25,2014-03-14,Long,16.5,2014-03-14 10:55:00-04:00,3631.25,3627.95,5,False,full_stop,entry5@3631.25|sl_x5,2014-03-14 10:59:00-04:00,-337.5,330.0,daily_3_low,daily_3,3636.25,5.0
daily_3_low_2014-04-07,nq_daily_3_wick25,2014-04-07,Long,21.25,2014-04-07 12:09:00-04:00,3499.0,3494.75,5,False,full_stop,entry5@3499.00|sl_x5,2014-04-07 12:13:00-04:00,-432.5,425.0,daily_3_low,daily_3,3522.75,23.75
daily_3_high_2014-04-16,nq_daily_3_wick25,2014-04-16,Short,16.5,2014-04-16 12:00:00-04:00,3506.75,3510.05,5,False,full_stop,entry5@3506.75|sl_x5,2014-04-16 12:02:00-04:00,-337.5,330.0,daily_3_high,daily_3,3498.5,8.25
daily_3_high_2014-05-13,nq_daily_3_wick25,2014-05-13,Short,12.0,2014-05-13 10:14:00-04:00,3620.75,3623.15,5,False,full_stop,entry5@3620.75|sl_x5,2014-05-13 10:39:00-04:00,-247.5,240.0,daily_3_high,daily_3,3610.25,10.5
daily_3_high_2014-06-05,nq_daily_3_wick25,2014-06-05,Short,13.25,2014-06-05 11:05:00-04:00,3753.25,3755.9,5,False,full_stop,entry5@3753.25|sl_x5,2014-06-05 11:19:00-04:00,-272.5,265.0,daily_3_high,daily_3,3749.25,4.0
daily_3_low_2014-10-01,nq_daily_3_wick25,2014-10-01,Long,21.25,2014-10-01 12:45:00-04:00,3991.75,3987.5,5,False,full_stop,entry5@3991.75|sl_x5,2014-10-01 12:49:00-04:00,-432.5,425.0,daily_3_low,daily_3,4000.25,8.5
daily_3_high_2014-12-18,nq_daily_3_wick25,2014-12-18,Short,17.75,2014-12-18 13:20:00-05:00,4242.0,4245.55,5,False,full_stop,entry5@4242.00|sl_x5,2014-12-18 13:23:00-05:00,-362.5,355.0,daily_3_high,daily_3,4234.0,8.0
daily_3_high_2014-12-19,nq_daily_3_wick25,2014-12-19,Short,15.5,2014-12-19 09:58:00-05:00,4267.25,4270.35,5,False,full_stop,entry5@4267.25|sl_x5,2014-12-19 09:59:00-05:00,-317.5,310.0,daily_3_high,daily_3,4262.25,5.0
daily_3_high_2015-02-03,nq_daily_3_wick25,2015-02-03,Short,18.0,2015-02-03 15:24:00-05:00,4212.0,4215.6,5,False,full_stop,entry5@4212.00|sl_x5,2015-02-03 15:42:00-05:00,-367.5,360.0,daily_3_high,daily_3,4203.25,8.75
daily_3_low_2015-03-11,nq_daily_3_wick25,2015-03-11,Long,15.75,2015-03-11 10:33:00-04:00,4327.0,4323.85,5,False,full_stop,entry5@4327.00|sl_x5,2015-03-11 10:34:00-04:00,-322.5,315.0,daily_3_low,daily_3,4331.25,4.25
daily_3_high_2015-04-07,nq_daily_3_wick25,2015-04-07,Short,21.25,2015-04-07 10:22:00-04:00,4363.5,4367.75,5,False,full_stop,entry5@4363.50|sl_x5,2015-04-07 10:30:00-04:00,-432.5,425.0,daily_3_high,daily_3,4354.75,8.75
daily_3_high_2015-04-09,nq_daily_3_wick25,2015-04-09,Short,22.75,2015-04-09 14:58:00-04:00,4383.0,4387.55,5,False,full_stop,entry5@4383.00|sl_x5,2015-04-09 15:03:00-04:00,-462.5,455.0,daily_3_high,daily_3,4376.5,6.5
daily_3_high_2015-04-10,nq_daily_3_wick25,2015-04-10,Short,13.75,2015-04-10 10:32:00-04:00,4403.0,4405.75,5,False,full_stop,entry5@4403.00|sl_x5,2015-04-10 10:37:00-04:00,-282.5,275.0,daily_3_high,daily_3,4398.75,4.25
daily_3_low_2015-08-07,nq_daily_3_wick25,2015-08-07,Long,19.0,2015-08-07 11:15:00-04:00,4495.25,4491.45,5,False,full_stop,entry5@4495.25|sl_x5,2015-08-07 11:18:00-04:00,-387.5,380.0,daily_3_low,daily_3,4502.75,7.5
daily_3_high_2015-11-18,nq_daily_3_wick25,2015-11-18,Short,10.5,2015-11-18 10:24:00-05:00,4601.25,4603.35,5,False,full_stop,entry5@4601.25|sl_x5,2015-11-18 11:14:00-05:00,-217.5,210.0,daily_3_high,daily_3,4597.75,3.5
daily_3_low_2015-12-14,nq_daily_3_wick25,2015-12-14,Long,27.5,2015-12-14 10:12:00-05:00,4519.0,4513.5,5,False,full_stop,entry5@4519.00|sl_x5,2015-12-14 10:12:00-05:00,-557.5,550.0,daily_3_low,daily_3,4526.5,7.5
daily_3_high_2015-12-24,nq_daily_3_wick25,2015-12-24,Short,12.0,2015-12-24 11:47:00-05:00,4625.75,4628.15,5,False,full_stop,entry5@4625.75|sl_x5,2015-12-24 11:52:00-05:00,-247.5,240.0,daily_3_high,daily_3,4620.25,5.5
daily_3_low_2016-01-06,nq_daily_3_wick25,2016-01-06,Long,25.75,2016-01-06 14:43:00-05:00,4418.0,4412.85,5,False,full_stop,entry5@4418.00|sl_x5,2016-01-06 14:47:00-05:00,-522.5,515.0,daily_3_low,daily_3,4429.75,11.75
daily_3_high_2016-05-31,nq_daily_3_wick25,2016-05-31,Short,6.5,2016-05-31 10:35:00-04:00,4526.0,4527.3,5,True,runner_tp,entry5@4526.00|scale4@opp|runner_tp,2016-05-31 12:19:00-04:00,1347.5,130.0,daily_3_high,daily_3,4524.0,2.0
daily_3_low_2016-06-13,nq_daily_3_wick25,2016-06-13,Long,11.5,2016-06-13 11:51:00-04:00,4427.0,4424.7,5,False,full_stop,entry5@4427.00|sl_x5,2016-06-13 11:53:00-04:00,-237.5,230.0,daily_3_low,daily_3,4438.25,11.25
daily_3_high_2016-07-29,nq_daily_3_wick25,2016-07-29,Short,12.75,2016-07-29 11:02:00-04:00,4730.25,4732.8,5,False,full_stop,entry5@4730.25|sl_x5,2016-07-29 11:24:00-04:00,-262.5,255.0,daily_3_high,daily_3,4719.0,11.25
daily_3_high_2016-10-18,nq_daily_3_wick25,2016-10-18,Short,12.5,2016-10-18 11:42:00-04:00,4847.5,4850.0,5,False,full_stop,entry5@4847.50|sl_x5,2016-10-18 11:51:00-04:00,-257.5,250.0,daily_3_high,daily_3,4841.0,6.5
daily_3_low_2016-11-03,nq_daily_3_wick25,2016-11-03,Long,15.0,2016-11-03 10:15:00-04:00,4705.75,4702.75,5,False,full_stop,entry5@4705.75|sl_x5,2016-11-03 12:06:00-04:00,-307.5,300.0,daily_3_low,daily_3,4710.5,4.75
daily_3_low_2016-11-04,nq_daily_3_wick25,2016-11-04,Long,33.0,2016-11-04 15:47:00-04:00,4657.75,4651.15,5,False,eod,entry5@4657.75|eod_x5,2016-11-04 15:59:00-04:00,-32.5,660.0,daily_3_low,daily_3,4670.5,12.75
daily_3_high_2016-12-08,nq_daily_3_wick25,2016-12-08,Short,20.25,2016-12-08 11:08:00-05:00,4865.25,4869.3,5,False,full_stop,entry5@4865.25|sl_x5,2016-12-08 12:49:00-05:00,-412.5,405.0,daily_3_high,daily_3,4854.75,10.5
daily_3_low_2017-01-31,nq_daily_3_wick25,2017-01-31,Long,14.0,2017-01-31 11:29:00-05:00,5090.5,5087.7,5,False,full_stop,entry5@5090.50|sl_x5,2017-01-31 11:34:00-05:00,-287.5,280.0,daily_3_low,daily_3,5094.5,4.0
daily_3_high_2017-02-21,nq_daily_3_wick25,2017-02-21,Short,9.0,2017-02-21 10:08:00-05:00,5347.0,5348.8,5,False,full_stop,entry5@5347.00|sl_x5,2017-02-21 10:11:00-05:00,-187.5,180.0,daily_3_high,daily_3,5344.25,2.75
daily_3_high_2017-04-27,nq_daily_3_wick25,2017-04-27,Short,7.25,2017-04-27 12:57:00-04:00,5565.75,5567.2,5,False,full_stop,entry5@5565.75|sl_x5,2017-04-27 12:59:00-04:00,-152.5,145.0,daily_3_high,daily_3,5562.5,3.25
daily_3_high_2017-05-08,nq_daily_3_wick25,2017-05-08,Short,12.5,2017-05-08 10:44:00-04:00,5647.75,5650.25,5,True,runner_sl,entry5@5647.75|scale4@opp|sl_x1,2017-05-08 12:33:00-04:00,652.5,250.0,daily_3_high,daily_3,5644.25,3.5
daily_3_high_2017-06-09,nq_daily_3_wick25,2017-06-09,Short,15.5,2017-06-09 10:05:00-04:00,5901.5,5904.6,5,False,full_stop,entry5@5901.50|sl_x5,2017-06-09 10:10:00-04:00,-317.5,310.0,daily_3_high,daily_3,5895.25,6.25
daily_3_high_2017-07-20,nq_daily_3_wick25,2017-07-20,Short,16.75,2017-07-20 12:23:00-04:00,5929.75,5933.1,5,True,eod,entry5@5929.75|scale4@opp|eod_x1,2017-07-20 15:59:00-04:00,997.5,335.0,daily_3_high,daily_3,5925.0,4.75
daily_3_high_2017-10-13,nq_daily_3_wick25,2017-10-13,Short,8.5,2017-10-13 10:20:00-04:00,6099.5,6101.2,5,False,full_stop,entry5@6099.50|sl_x5,2017-10-13 10:21:00-04:00,-177.5,170.0,daily_3_high,daily_3,6097.0,2.5
daily_3_high_2017-11-27,nq_daily_3_wick25,2017-11-27,Short,11.25,2017-11-27 10:07:00-05:00,6419.75,6422.0,5,False,full_stop,entry5@6419.75|sl_x5,2017-11-27 10:16:00-05:00,-232.5,225.0,daily_3_high,daily_3,6416.0,3.75
daily_3_low_2018-03-28,nq_daily_3_wick25,2018-03-28,Long,96.75,2018-03-28 10:43:00-04:00,6453.0,6433.65,5,False,full_stop,entry5@6453.00|sl_x5,2018-03-28 10:47:00-04:00,-1942.5,1935.0,daily_3_low,daily_3,6490.0,37.0
daily_3_low_2018-06-28,nq_daily_3_wick25,2018-06-28,Long,38.75,2018-06-28 10:37:00-04:00,6972.0,6964.25,5,True,runner_tp,entry5@6972.00|scale4@opp|runner_tp,2018-06-28 14:47:00-04:00,5242.5,775.0,daily_3_low,daily_3,6988.0,16.0
daily_3_high_2018-07-13,nq_daily_3_wick25,2018-07-13,Short,11.75,2018-07-13 10:24:00-04:00,7395.75,7398.1,5,False,full_stop,entry5@7395.75|sl_x5,2018-07-13 10:27:00-04:00,-242.5,235.0,daily_3_high,daily_3,7387.0,8.75
daily_3_high_2018-08-03,nq_daily_3_wick25,2018-08-03,Short,31.75,2018-08-03 10:28:00-04:00,7399.25,7405.6,5,False,eod,entry5@7399.25|eod_x5,2018-08-03 15:59:00-04:00,-207.5,635.0,daily_3_high,daily_3,7390.25,9.0
daily_3_low_2018-10-11,nq_daily_3_wick25,2018-10-11,Long,76.5,2018-10-11 11:04:00-04:00,7005.5,6990.2,5,False,full_stop,entry5@7005.50|sl_x5,2018-10-11 11:04:00-04:00,-1537.5,1530.0,daily_3_low,daily_3,7062.5,57.0
daily_3_high_2019-03-15,nq_daily_3_wick25,2019-03-15,Short,23.0,2019-03-15 11:16:00-04:00,7332.5,7337.1,5,False,full_stop,entry5@7332.50|sl_x5,2019-03-15 11:18:00-04:00,-467.5,460.0,daily_3_high,daily_3,7324.25,8.25
daily_3_high_2019-07-15,nq_daily_3_wick25,2019-07-15,Short,17.5,2019-07-15 10:22:00-04:00,7974.5,7978.0,5,True,runner_sl,entry5@7974.50|scale4@opp|sl_x1,2019-07-15 10:56:00-04:00,592.5,350.0,daily_3_high,daily_3,7966.75,7.75
daily_3_low_2019-08-23,nq_daily_3_wick25,2019-08-23,Long,17.75,2019-08-23 11:02:00-04:00,7628.0,7624.45,5,False,full_stop,entry5@7628.00|sl_x5,2019-08-23 11:02:00-04:00,-362.5,355.0,daily_3_low,daily_3,7654.0,26.0
daily_3_high_2019-11-19,nq_daily_3_wick25,2019-11-19,Short,15.75,2019-11-19 11:39:00-05:00,8355.0,8358.15,5,True,runner_sl,entry5@8355.00|scale4@opp|sl_x1,2019-11-19 12:00:00-05:00,492.5,315.0,daily_3_high,daily_3,8345.75,9.25
daily_3_high_2019-12-27,nq_daily_3_wick25,2019-12-27,Short,19.25,2019-12-27 11:43:00-05:00,8820.0,8823.85,5,True,runner_tp,entry5@8820.00|scale4@opp|runner_tp,2019-12-27 13:19:00-05:00,1027.5,385.0,daily_3_high,daily_3,8802.0,18.0
daily_3_high_2020-03-25,nq_daily_3_wick25,2020-03-25,Short,179.25,2020-03-25 12:38:00-04:00,7612.25,7648.1,5,False,full_stop,entry5@7612.25|sl_x5,2020-03-25 13:07:00-04:00,-3592.5,3585.0,daily_3_high,daily_3,7534.5,77.75
daily_3_high_2020-06-01,nq_daily_3_wick25,2020-06-01,Short,53.25,2020-06-01 12:45:00-04:00,9585.0,9595.65,5,False,full_stop,entry5@9585.00|sl_x5,2020-06-01 13:06:00-04:00,-1072.5,1065.0,daily_3_high,daily_3,9571.5,13.5
daily_3_high_2020-06-17,nq_daily_3_wick25,2020-06-17,Short,39.75,2020-06-17 12:32:00-04:00,10018.0,10025.95,5,False,full_stop,entry5@10018.00|sl_x5,2020-06-17 12:33:00-04:00,-802.5,795.0,daily_3_high,daily_3,10001.75,16.25
daily_3_high_2020-07-07,nq_daily_3_wick25,2020-07-07,Short,60.25,2020-07-07 10:11:00-04:00,10633.25,10645.3,5,False,full_stop,entry5@10633.25|sl_x5,2020-07-07 10:12:00-04:00,-1212.5,1205.0,daily_3_high,daily_3,10614.5,18.75
daily_3_high_2020-08-13,nq_daily_3_wick25,2020-08-13,Short,65.0,2020-08-13 10:29:00-04:00,11226.25,11239.25,5,False,full_stop,entry5@11226.25|sl_x5,2020-08-13 10:34:00-04:00,-1307.5,1300.0,daily_3_high,daily_3,11185.75,40.5
daily_3_high_2020-08-17,nq_daily_3_wick25,2020-08-17,Short,30.75,2020-08-17 13:03:00-04:00,11276.75,11282.9,5,False,full_stop,entry5@11276.75|sl_x5,2020-08-17 13:16:00-04:00,-622.5,615.0,daily_3_high,daily_3,11266.0,10.75
daily_3_high_2020-08-27,nq_daily_3_wick25,2020-08-27,Short,103.75,2020-08-27 10:34:00-04:00,12006.75,12027.5,5,False,full_stop,entry5@12006.75|sl_x5,2020-08-27 11:03:00-04:00,-2082.5,2075.0,daily_3_high,daily_3,11974.5,32.25
daily_3_high_2020-09-02,nq_daily_3_wick25,2020-09-02,Short,76.25,2020-09-02 15:11:00-04:00,12404.75,12420.0,5,False,full_stop,entry5@12404.75|sl_x5,2020-09-02 15:14:00-04:00,-1532.5,1525.0,daily_3_high,daily_3,12300.75,104.0
daily_3_high_2020-10-01,nq_daily_3_wick25,2020-10-01,Short,33.75,2020-10-01 11:35:00-04:00,11552.5,11559.25,5,True,runner_tp,entry5@11552.50|scale4@opp|runner_tp,2020-10-01 12:16:00-04:00,2442.5,675.0,daily_3_high,daily_3,11526.0,26.5
daily_3_low_2020-10-15,nq_daily_3_wick25,2020-10-15,Long,102.5,2020-10-15 10:07:00-04:00,11835.25,11814.75,5,True,runner_sl,entry5@11835.25|scale4@opp|sl_x1,2020-10-15 10:08:00-04:00,1652.5,2050.0,daily_3_low,daily_3,11867.25,32.0
daily_3_low_2021-01-15,nq_daily_3_wick25,2021-01-15,Long,51.75,2021-01-15 11:05:00-05:00,12752.5,12742.15,5,False,eod,entry5@12752.50|eod_x5,2021-01-15 15:59:00-05:00,4617.5,1035.0,daily_3_low,daily_3,12767.25,14.75
daily_3_high_2021-02-02,nq_daily_3_wick25,2021-02-02,Short,59.0,2021-02-02 10:18:00-05:00,13423.25,13435.05,5,False,full_stop,entry5@13423.25|sl_x5,2021-02-02 10:19:00-05:00,-1187.5,1180.0,daily_3_high,daily_3,13394.0,29.25
daily_3_high_2021-02-05,nq_daily_3_wick25,2021-02-05,Short,48.75,2021-02-05 12:03:00-05:00,13580.25,13590.0,5,False,full_stop,entry5@13580.25|sl_x5,2021-02-05 12:11:00-05:00,-982.5,975.0,daily_3_high,daily_3,13552.5,27.75
daily_3_high_2021-03-11,nq_daily_3_wick25,2021-03-11,Short,75.75,2021-03-11 10:49:00-05:00,13005.25,13020.4,5,False,full_stop,entry5@13005.25|sl_x5,2021-03-11 10:59:00-05:00,-1522.5,1515.0,daily_3_high,daily_3,12979.5,25.75
daily_3_low_2021-03-19,nq_daily_3_wick25,2021-03-19,Long,112.75,2021-03-19 10:04:00-04:00,12725.0,12702.45,5,False,full_stop,entry5@12725.00|sl_x5,2021-03-19 10:05:00-04:00,-2262.5,2255.0,daily_3_low,daily_3,12762.0,37.0
daily_3_low_2021-03-25,nq_daily_3_wick25,2021-03-25,Long,114.5,2021-03-25 10:36:00-04:00,12721.0,12698.1,5,False,full_stop,entry5@12721.00|sl_x5,2021-03-25 10:46:00-04:00,-2297.5,2290.0,daily_3_low,daily_3,12788.25,67.25
daily_3_high_2021-06-23,nq_daily_3_wick25,2021-06-23,Short,45.5,2021-06-23 09:58:00-04:00,14300.5,14309.6,5,False,full_stop,entry5@14300.50|sl_x5,2021-06-23 09:59:00-04:00,-917.5,910.0,daily_3_high,daily_3,14279.25,21.25
daily_3_high_2021-08-04,nq_daily_3_wick25,2021-08-04,Short,33.25,2021-08-04 13:00:00-04:00,15069.5,15076.15,5,False,full_stop,entry5@15069.50|sl_x5,2021-08-04 13:03:00-04:00,-672.5,665.0,daily_3_high,daily_3,15051.5,18.0
daily_3_high_2021-08-20,nq_daily_3_wick25,2021-08-20,Short,37.0,2021-08-20 10:18:00-04:00,15072.75,15080.15,5,False,full_stop,entry5@15072.75|sl_x5,2021-08-20 10:18:00-04:00,-747.5,740.0,daily_3_high,daily_3,15058.0,14.75
daily_3_high_2021-08-24,nq_daily_3_wick25,2021-08-24,Short,40.75,2021-08-24 10:03:00-04:00,15350.25,15358.4,5,False,full_stop,entry5@15350.25|sl_x5,2021-08-24 10:08:00-04:00,-822.5,815.0,daily_3_high,daily_3,15337.5,12.75
daily_3_high_2021-08-27,nq_daily_3_wick25,2021-08-27,Short,48.25,2021-08-27 13:21:00-04:00,15428.75,15438.4,5,False,full_stop,entry5@15428.75|sl_x5,2021-08-27 15:08:00-04:00,-972.5,965.0,daily_3_high,daily_3,15397.0,31.75
daily_3_low_2021-10-12,nq_daily_3_wick25,2021-10-12,Long,90.0,2021-10-12 10:17:00-04:00,14657.5,14639.5,5,False,full_stop,entry5@14657.50|sl_x5,2021-10-12 10:54:00-04:00,-1807.5,1800.0,daily_3_low,daily_3,14696.25,38.75
daily_3_high_2021-10-20,nq_daily_3_wick25,2021-10-20,Short,32.75,2021-10-20 10:30:00-04:00,15439.0,15445.55,5,False,full_stop,entry5@15439.00|sl_x5,2021-10-20 10:32:00-04:00,-662.5,655.0,daily_3_high,daily_3,15403.75,35.25
daily_3_low_2021-11-10,nq_daily_3_wick25,2021-11-10,Long,84.25,2021-11-10 12:43:00-05:00,16107.25,16090.4,5,True,runner_sl,entry5@16107.25|scale4@opp|sl_x1,2021-11-10 13:02:00-05:00,1492.5,1685.0,daily_3_low,daily_3,16160.0,52.75
daily_3_high_2021-11-18,nq_daily_3_wick25,2021-11-18,Short,49.25,2021-11-18 11:34:00-05:00,16421.0,16430.85,5,False,full_stop,entry5@16421.00|sl_x5,2021-11-18 11:34:00-05:00,-992.5,985.0,daily_3_high,daily_3,16396.5,24.5
daily_3_low_2021-12-31,nq_daily_3_wick25,2021-12-31,Long,58.0,2021-12-31 12:18:00-05:00,16354.0,16342.4,5,False,full_stop,entry5@16354.00|sl_x5,2021-12-31 15:50:00-05:00,-1167.5,1160.0,daily_3_low,daily_3,16387.5,33.5
daily_3_high_2023-03-03,nq_daily_3_wick25,2023-03-03,Short,34.75,2023-03-03 10:15:00-05:00,12201.25,12208.2,5,False,full_stop,entry5@12201.25|sl_x5,2023-03-03 10:15:00-05:00,-702.5,695.0,daily_3_high,daily_3,12172.75,28.5
daily_3_high_2023-03-16,nq_daily_3_wick25,2023-03-16,Short,67.0,2023-03-16 10:41:00-04:00,12435.0,12448.4,5,False,full_stop,entry5@12435.00|sl_x5,2023-03-16 10:41:00-04:00,-1347.5,1340.0,daily_3_high,daily_3,12407.5,27.5
daily_3_high_2023-03-21,nq_daily_3_wick25,2023-03-21,Short,41.25,2023-03-21 14:56:00-04:00,12837.25,12845.5,5,False,full_stop,entry5@12837.25|sl_x5,2023-03-21 14:58:00-04:00,-832.5,825.0,daily_3_high,daily_3,12811.25,26.0
daily_3_high_2023-05-16,nq_daily_3_wick25,2023-05-16,Short,69.0,2023-05-16 10:31:00-04:00,13515.75,13529.55,5,False,full_stop,entry5@13515.75|sl_x5,2023-05-16 10:57:00-04:00,-1387.5,1380.0,daily_3_high,daily_3,13487.25,28.5
daily_3_low_2023-08-03,nq_daily_3_wick25,2023-08-03,Long,62.25,2023-08-03 10:21:00-04:00,15385.5,15373.05,5,False,full_stop,entry5@15385.50|sl_x5,2023-08-03 10:25:00-04:00,-1252.5,1245.0,daily_3_low,daily_3,15414.0,28.5
daily_3_high_2023-12-18,nq_daily_3_wick25,2023-12-18,Short,45.5,2023-12-18 10:18:00-05:00,16902.75,16911.85,5,False,full_stop,entry5@16902.75|sl_x5,2023-12-18 11:44:00-05:00,-917.5,910.0,daily_3_high,daily_3,16887.25,15.5
daily_3_high_2023-12-19,nq_daily_3_wick25,2023-12-19,Short,51.0,2023-12-19 10:14:00-05:00,16991.5,17001.7,5,False,full_stop,entry5@16991.50|sl_x5,2023-12-19 10:31:00-05:00,-1027.5,1020.0,daily_3_high,daily_3,16974.0,17.5
daily_3_high_2023-12-27,nq_daily_3_wick25,2023-12-27,Short,30.0,2023-12-27 13:12:00-05:00,17124.75,17130.75,5,True,runner_tp,entry5@17124.75|scale4@opp|runner_tp,2023-12-27 14:05:00-05:00,3892.5,600.0,daily_3_high,daily_3,17111.25,13.5
daily_3_low_2024-01-03,nq_daily_3_wick25,2024-01-03,Long,60.75,2024-01-03 10:10:00-05:00,16593.5,16581.35,5,False,full_stop,entry5@16593.50|sl_x5,2024-01-03 10:12:00-05:00,-1222.5,1215.0,daily_3_low,daily_3,16622.5,29.0
daily_3_high_2024-05-07,nq_daily_3_wick25,2024-05-07,Short,38.5,2024-05-07 10:54:00-04:00,18233.25,18240.95,5,False,full_stop,entry5@18233.25|sl_x5,2024-05-07 10:56:00-04:00,-777.5,770.0,daily_3_high,daily_3,18198.25,35.0
daily_3_high_2024-05-14,nq_daily_3_wick25,2024-05-14,Short,52.5,2024-05-14 14:14:00-04:00,18370.75,18381.25,5,False,full_stop,entry5@18370.75|sl_x5,2024-05-14 14:15:00-04:00,-1057.5,1050.0,daily_3_high,daily_3,18348.0,22.75
daily_3_high_2024-05-16,nq_daily_3_wick25,2024-05-16,Short,28.0,2024-05-16 10:23:00-04:00,18716.5,18722.1,5,False,full_stop,entry5@18716.50|sl_x5,2024-05-16 10:29:00-04:00,-567.5,560.0,daily_3_high,daily_3,18707.0,9.5
daily_3_low_2024-06-24,nq_daily_3_wick25,2024-06-24,Long,78.25,2024-06-24 10:43:00-04:00,19866.75,19851.1,5,False,full_stop,entry5@19866.75|sl_x5,2024-06-24 10:48:00-04:00,-1572.5,1565.0,daily_3_low,daily_3,19914.25,47.5
daily_3_high_2024-07-03,nq_daily_3_wick25,2024-07-03,Short,51.5,2024-07-03 10:43:00-04:00,20300.0,20310.3,5,False,full_stop,entry5@20300.00|sl_x5,2024-07-03 10:46:00-04:00,-1037.5,1030.0,daily_3_high,daily_3,20273.25,26.75
daily_3_low_2025-01-08,nq_daily_3_wick25,2025-01-08,Long,95.0,2025-01-08 12:27:00-05:00,21231.0,21212.0,5,False,full_stop,entry5@21231.00|sl_x5,2025-01-08 12:28:00-05:00,-1907.5,1900.0,daily_3_low,daily_3,21261.5,30.5
daily_3_low_2025-02-27,nq_daily_3_wick25,2025-02-27,Long,210.75,2025-02-27 14:29:00-05:00,20896.25,20854.1,5,False,full_stop,entry5@20896.25|sl_x5,2025-02-27 14:32:00-05:00,-4222.5,4215.0,daily_3_low,daily_3,20990.0,93.75
daily_3_high_2025-03-17,nq_daily_3_wick25,2025-03-17,Short,164.5,2025-03-17 13:50:00-04:00,19827.75,19860.65,5,False,full_stop,entry5@19827.75|sl_x5,2025-03-17 14:11:00-04:00,-3297.5,3290.0,daily_3_high,daily_3,19777.75,50.0
daily_3_high_2025-06-26,nq_daily_3_wick25,2025-06-26,Short,71.5,2025-06-26 10:22:00-04:00,22572.5,22586.8,5,False,full_stop,entry5@22572.50|sl_x5,2025-06-26 10:31:00-04:00,-1437.5,1430.0,daily_3_high,daily_3,22548.25,24.25
daily_3_high_2025-08-28,nq_daily_3_wick25,2025-08-28,Short,112.5,2025-08-28 10:47:00-04:00,23709.0,23731.5,5,False,full_stop,entry5@23709.00|sl_x5,2025-08-28 11:12:00-04:00,-2257.5,2250.0,daily_3_high,daily_3,23657.5,51.5
daily_3_low_2025-11-04,nq_daily_3_wick25,2025-11-04,Long,119.25,2025-11-04 11:50:00-05:00,25735.25,25711.4,5,False,full_stop,entry5@25735.25|sl_x5,2025-11-04 12:07:00-05:00,-2392.5,2385.0,daily_3_low,daily_3,25869.0,133.75
daily_3_high_2025-11-20,nq_daily_3_wick25,2025-11-20,Short,103.0,2025-11-20 10:37:00-05:00,25299.75,25320.35,5,True,runner_tp,entry5@25299.75|scale4@opp|runner_tp,2025-11-20 11:11:00-05:00,17427.5,2060.0,daily_3_high,daily_3,25254.0,45.75
daily_3_high_2025-11-28,nq_daily_3_wick25,2025-11-28,Short,91.0,2025-11-28 10:21:00-05:00,25399.0,25417.2,5,False,full_stop,entry5@25399.00|sl_x5,2025-11-28 10:52:00-05:00,-1827.5,1820.0,daily_3_high,daily_3,25376.0,23.0
daily_3_high_2026-01-26,nq_daily_3_wick25,2026-01-26,Short,122.75,2026-01-26 10:51:00-05:00,25886.5,25911.05,5,False,full_stop,entry5@25886.50|sl_x5,2026-01-26 11:30:00-05:00,-2462.5,2455.0,daily_3_high,daily_3,25845.75,40.75
daily_3_low_2026-02-03,nq_daily_3_wick25,2026-02-03,Long,229.25,2026-02-03 11:51:00-05:00,25470.25,25424.4,5,False,full_stop,entry5@25470.25|sl_x5,2026-02-03 12:12:00-05:00,-4592.5,4585.0,daily_3_low,daily_3,25536.0,65.75
daily_3_low_2026-02-04,nq_daily_3_wick25,2026-02-04,Long,160.0,2026-02-04 11:02:00-05:00,25108.0,25076.0,5,False,full_stop,entry5@25108.00|sl_x5,2026-02-04 11:03:00-05:00,-3207.5,3200.0,daily_3_low,daily_3,25219.0,111.0
daily_3_high_2026-03-04,nq_daily_3_wick25,2026-03-04,Short,133.0,2026-03-04 11:02:00-05:00,25148.5,25175.1,5,False,full_stop,entry5@25148.50|sl_x5,2026-03-04 12:53:00-05:00,-2667.5,2660.0,daily_3_high,daily_3,25101.0,47.5
weekly_4_high_2010-12-13,nq_weekly_4,2010-12-13,Short,8.25,2010-12-13 10:31:00-05:00,2221.75,2223.4,5,False,full_stop,entry5@2221.75|sl_x5,2010-12-13 10:55:00-05:00,-172.5,165.0,weekly_4_high,weekly_4,2216.75,5.0
weekly_4_high_2010-12-14,nq_weekly_4,2010-12-14,Short,7.5,2010-12-14 13:47:00-05:00,2219.25,2220.75,5,True,eod,entry5@2219.25|scale4@opp|eod_x1,2010-12-14 15:59:00-05:00,1062.5,150.0,weekly_4_high,weekly_4,2216.75,2.5
weekly_4_high_2011-04-25,nq_weekly_4,2011-04-25,Short,5.0,2011-04-25 10:00:00-04:00,2381.0,2382.0,5,True,runner_sl,entry5@2381.00|scale4@opp|sl_x1,2011-04-25 14:20:00-04:00,592.5,100.0,weekly_4_high,weekly_4,2379.25,1.75
weekly_4_high_2012-01-06,nq_weekly_4,2012-01-06,Short,9.0,2012-01-06 10:43:00-05:00,2346.75,2348.55,5,False,full_stop,entry5@2346.75|sl_x5,2012-01-06 10:46:00-05:00,-187.5,180.0,weekly_4_high,weekly_4,2343.75,3.0
weekly_4_high_2012-01-11,nq_weekly_4,2012-01-11,Short,7.0,2012-01-11 10:38:00-05:00,2368.75,2370.15,5,False,full_stop,entry5@2368.75|sl_x5,2012-01-11 10:40:00-05:00,-147.5,140.0,weekly_4_high,weekly_4,2358.75,10.0
weekly_4_high_2012-01-25,nq_weekly_4,2012-01-25,Short,16.0,2012-01-25 10:20:00-05:00,2446.0,2449.2,5,True,runner_sl,entry5@2446.00|scale4@opp|sl_x1,2012-01-25 11:05:00-05:00,472.5,320.0,weekly_4_high,weekly_4,2442.5,3.5
weekly_4_high_2012-02-01,nq_weekly_4,2012-02-01,Short,9.75,2012-02-01 10:25:00-05:00,2479.5,2481.45,5,False,full_stop,entry5@2479.50|sl_x5,2012-02-01 10:51:00-05:00,-202.5,195.0,weekly_4_high,weekly_4,2476.0,3.5
weekly_4_high_2012-02-14,nq_weekly_4,2012-02-14,Short,5.25,2012-02-14 15:49:00-05:00,2568.75,2569.8,5,False,full_stop,entry5@2568.75|sl_x5,2012-02-14 15:49:00-05:00,-112.5,105.0,weekly_4_high,weekly_4,2565.0,3.75
weekly_4_low_2012-11-13,nq_weekly_4,2012-11-13,Long,13.5,2012-11-13 15:41:00-05:00,2563.75,2561.05,5,False,full_stop,entry5@2563.75|sl_x5,2012-11-13 15:45:00-05:00,-277.5,270.0,weekly_4_low,weekly_4,2568.75,5.0
weekly_4_low_2012-11-14,nq_weekly_4,2012-11-14,Long,5.75,2012-11-14 10:16:00-05:00,2564.5,2563.35,5,False,full_stop,entry5@2564.50|sl_x5,2012-11-14 10:16:00-05:00,-122.5,115.0,weekly_4_low,weekly_4,2568.75,4.25
weekly_4_high_2013-04-30,nq_weekly_4,2013-04-30,Short,7.5,2013-04-30 10:43:00-04:00,2864.75,2866.25,5,False,full_stop,entry5@2864.75|sl_x5,2013-04-30 10:43:00-04:00,-157.5,150.0,weekly_4_high,weekly_4,2858.5,6.25
weekly_4_high_2013-05-13,nq_weekly_4,2013-05-13,Short,8.25,2013-05-13 11:50:00-04:00,2981.5,2983.15,5,False,full_stop,entry5@2981.50|sl_x5,2013-05-13 11:50:00-04:00,-172.5,165.0,weekly_4_high,weekly_4,2978.25,3.25
weekly_4_high_2013-05-20,nq_weekly_4,2013-05-20,Short,8.75,2013-05-20 11:35:00-04:00,3030.5,3032.25,5,True,eod,entry5@3030.50|scale4@opp|eod_x1,2013-05-20 15:59:00-04:00,1197.5,175.0,weekly_4_high,weekly_4,3028.25,2.25
weekly_4_high_2013-08-14,nq_weekly_4,2013-08-14,Short,10.25,2013-08-14 10:02:00-04:00,3142.5,3144.55,5,True,eod,entry5@3142.50|scale4@opp|eod_x1,2013-08-14 15:59:00-04:00,992.5,205.0,weekly_4_high,weekly_4,3140.25,2.25
weekly_4_high_2014-01-17,nq_weekly_4,2014-01-17,Short,8.5,2014-01-17 10:26:00-05:00,3596.0,3597.7,5,False,full_stop,entry5@3596.00|sl_x5,2014-01-17 10:55:00-05:00,-177.5,170.0,weekly_4_high,weekly_4,3589.0,7.0
weekly_4_low_2014-01-28,nq_weekly_4,2014-01-28,Long,14.25,2014-01-28 11:18:00-05:00,3488.75,3485.9,5,False,full_stop,entry5@3488.75|sl_x5,2014-01-28 11:24:00-05:00,-292.5,285.0,weekly_4_low,weekly_4,3492.5,3.75
weekly_4_high_2014-02-13,nq_weekly_4,2014-02-13,Short,15.75,2014-02-13 10:16:00-05:00,3630.0,3633.15,5,False,full_stop,entry5@3630.00|sl_x5,2014-02-13 10:16:00-05:00,-322.5,315.0,weekly_4_high,weekly_4,3628.0,2.0
weekly_4_high_2014-02-18,nq_weekly_4,2014-02-18,Short,9.75,2014-02-18 10:21:00-05:00,3675.0,3676.95,5,False,full_stop,entry5@3675.00|sl_x5,2014-02-18 10:25:00-05:00,-202.5,195.0,weekly_4_high,weekly_4,3668.0,7.0
weekly_4_high_2014-02-19,nq_weekly_4,2014-02-19,Short,10.25,2014-02-19 10:28:00-05:00,3675.25,3677.3,5,False,full_stop,entry5@3675.25|sl_x5,2014-02-19 10:32:00-05:00,-212.5,205.0,weekly_4_high,weekly_4,3668.0,7.25
weekly_4_high_2014-02-26,nq_weekly_4,2014-02-26,Short,7.75,2014-02-26 10:22:00-05:00,3692.75,3694.3,5,False,full_stop,entry5@3692.75|sl_x5,2014-02-26 10:24:00-05:00,-162.5,155.0,weekly_4_high,weekly_4,3686.75,6.0
weekly_4_high_2014-03-05,nq_weekly_4,2014-03-05,Short,6.5,2014-03-05 10:25:00-05:00,3724.75,3726.05,5,False,full_stop,entry5@3724.75|sl_x5,2014-03-05 10:26:00-05:00,-137.5,130.0,weekly_4_high,weekly_4,3722.5,2.25
weekly_4_low_2014-04-07,nq_weekly_4,2014-04-07,Long,21.25,2014-04-07 12:09:00-04:00,3499.0,3494.75,5,False,full_stop,entry5@3499.00|sl_x5,2014-04-07 12:13:00-04:00,-432.5,425.0,weekly_4_low,weekly_4,3522.75,23.75
weekly_4_high_2014-06-10,nq_weekly_4,2014-06-10,Short,11.0,2014-06-10 10:28:00-04:00,3799.5,3801.7,5,False,full_stop,entry5@3799.50|sl_x5,2014-06-10 11:11:00-04:00,-227.5,220.0,weekly_4_high,weekly_4,3796.0,3.5
weekly_4_high_2014-06-11,nq_weekly_4,2014-06-11,Short,11.25,2014-06-11 10:05:00-04:00,3800.5,3802.75,5,False,full_stop,entry5@3800.50|sl_x5,2014-06-11 10:23:00-04:00,-232.5,225.0,weekly_4_high,weekly_4,3796.0,4.5
weekly_4_high_2014-07-14,nq_weekly_4,2014-07-14,Short,7.0,2014-07-14 10:37:00-04:00,3920.0,3921.4,5,False,full_stop,entry5@3920.00|sl_x5,2014-07-14 10:46:00-04:00,-147.5,140.0,weekly_4_high,weekly_4,3918.0,2.0
weekly_4_high_2014-08-28,nq_weekly_4,2014-08-28,Short,6.25,2014-08-28 10:48:00-04:00,4064.5,4065.75,5,False,full_stop,entry5@4064.50|sl_x5,2014-08-28 10:49:00-04:00,-132.5,125.0,weekly_4_high,weekly_4,4061.0,3.5
weekly_4_high_2014-10-30,nq_weekly_4,2014-10-30,Short,17.75,2014-10-30 12:30:00-04:00,4082.75,4086.3,5,False,full_stop,entry5@4082.75|sl_x5,2014-10-30 13:16:00-04:00,-362.5,355.0,weekly_4_high,weekly_4,4064.75,18.0
weekly_4_high_2014-11-12,nq_weekly_4,2014-11-12,Short,9.5,2014-11-12 10:06:00-05:00,4178.25,4180.15,5,False,full_stop,entry5@4178.25|sl_x5,2014-11-12 10:08:00-05:00,-197.5,190.0,weekly_4_high,weekly_4,4175.0,3.25
weekly_4_low_2015-01-16,nq_weekly_4,2015-01-16,Long,31.25,2015-01-16 10:07:00-05:00,4077.25,4071.0,5,True,runner_tp,entry5@4077.25|scale4@opp|runner_tp,2015-01-16 15:51:00-05:00,3417.5,625.0,weekly_4_low,weekly_4,4082.0,4.75
weekly_4_high_2015-02-17,nq_weekly_4,2015-02-17,Short,12.25,2015-02-17 10:35:00-05:00,4383.5,4385.95,5,False,full_stop,entry5@4383.50|sl_x5,2015-02-17 13:19:00-05:00,-252.5,245.0,weekly_4_high,weekly_4,4382.0,1.5
weekly_4_low_2015-06-30,nq_weekly_4,2015-06-30,Long,15.0,2015-06-30 10:22:00-04:00,4383.25,4380.25,5,False,full_stop,entry5@4383.25|sl_x5,2015-06-30 10:48:00-04:00,-307.5,300.0,weekly_4_low,weekly_4,4386.5,3.25
weekly_4_high_2015-12-02,nq_weekly_4,2015-12-02,Short,17.0,2015-12-02 09:58:00-05:00,4734.5,4737.9,5,False,full_stop,entry5@4734.50|sl_x5,2015-12-02 10:00:00-05:00,-347.5,340.0,weekly_4_high,weekly_4,4729.5,5.0
weekly_4_low_2016-05-06,nq_weekly_4,2016-05-06,Long,32.0,2016-05-06 10:20:00-04:00,4288.75,4282.35,5,False,full_stop,entry5@4288.75|sl_x5,2016-05-06 10:25:00-04:00,-647.5,640.0,weekly_4_low,weekly_4,4296.75,8.0
weekly_4_high_2016-08-09,nq_weekly_4,2016-08-09,Short,13.25,2016-08-09 10:14:00-04:00,4798.5,4801.15,5,False,full_stop,entry5@4798.50|sl_x5,2016-08-09 10:17:00-04:00,-272.5,265.0,weekly_4_high,weekly_4,4797.75,0.75
weekly_4_low_2016-11-02,nq_weekly_4,2016-11-02,Long,14.25,2016-11-02 10:30:00-04:00,4750.5,4747.65,5,False,full_stop,entry5@4750.50|sl_x5,2016-11-02 10:34:00-04:00,-292.5,285.0,weekly_4_low,weekly_4,4754.5,4.0
weekly_4_high_2017-01-09,nq_weekly_4,2017-01-09,Short,12.75,2017-01-09 11:19:00-05:00,5020.5,5023.05,5,False,full_stop,entry5@5020.50|sl_x5,2017-01-09 11:20:00-05:00,-262.5,255.0,weekly_4_high,weekly_4,5017.5,3.0
weekly_4_high_2017-01-10,nq_weekly_4,2017-01-10,Short,13.0,2017-01-10 10:35:00-05:00,5025.75,5028.35,5,False,full_stop,entry5@5025.75|sl_x5,2017-01-10 10:55:00-05:00,-267.5,260.0,weekly_4_high,weekly_4,5017.5,8.25
weekly_4_high_2017-01-12,nq_weekly_4,2017-01-12,Short,15.0,2017-01-12 12:36:00-05:00,5021.5,5024.5,5,False,full_stop,entry5@5021.50|sl_x5,2017-01-12 13:10:00-05:00,-307.5,300.0,weekly_4_high,weekly_4,5017.5,4.0
weekly_4_high_2017-03-01,nq_weekly_4,2017-03-01,Short,13.0,2017-03-01 09:56:00-05:00,5363.25,5365.85,5,False,full_stop,entry5@5363.25|sl_x5,2017-03-01 10:00:00-05:00,-267.5,260.0,weekly_4_high,weekly_4,5359.5,3.75
weekly_4_high_2017-03-03,nq_weekly_4,2017-03-03,Short,9.5,2017-03-03 12:32:00-05:00,5364.5,5366.4,5,False,full_stop,entry5@5364.50|sl_x5,2017-03-03 13:04:00-05:00,-197.5,190.0,weekly_4_high,weekly_4,5359.5,5.0
weekly_4_high_2017-03-31,nq_weekly_4,2017-03-31,Short,7.0,2017-03-31 10:37:00-04:00,5444.5,5445.9,5,False,full_stop,entry5@5444.50|sl_x5,2017-03-31 11:09:00-04:00,-147.5,140.0,weekly_4_high,weekly_4,5441.0,3.5
weekly_4_high_2017-05-08,nq_weekly_4,2017-05-08,Short,12.5,2017-05-08 10:44:00-04:00,5647.75,5650.25,5,True,runner_sl,entry5@5647.75|scale4@opp|sl_x1,2017-05-08 12:33:00-04:00,652.5,250.0,weekly_4_high,weekly_4,5644.25,3.5
weekly_4_low_2017-07-06,nq_weekly_4,2017-07-06,Long,26.25,2017-07-06 10:05:00-04:00,5590.25,5585.0,5,False,full_stop,entry5@5590.25|sl_x5,2017-07-06 10:07:00-04:00,-532.5,525.0,weekly_4_low,weekly_4,5601.0,10.75
weekly_4_high_2017-07-17,nq_weekly_4,2017-07-17,Short,10.5,2017-07-17 09:56:00-04:00,5856.25,5858.35,5,False,full_stop,entry5@5856.25|sl_x5,2017-07-17 10:03:00-04:00,-217.5,210.0,weekly_4_high,weekly_4,5852.0,4.25
weekly_4_high_2017-08-31,nq_weekly_4,2017-08-31,Short,21.75,2017-08-31 11:53:00-04:00,5976.25,5980.6,5,False,full_stop,entry5@5976.25|sl_x5,2017-08-31 12:05:00-04:00,-442.5,435.0,weekly_4_high,weekly_4,5972.75,3.5
weekly_4_high_2017-10-11,nq_weekly_4,2017-10-11,Short,11.75,2017-10-11 10:26:00-04:00,6073.75,6076.1,5,False,full_stop,entry5@6073.75|sl_x5,2017-10-11 13:14:00-04:00,-242.5,235.0,weekly_4_high,weekly_4,6069.0,4.75
weekly_4_high_2017-11-27,nq_weekly_4,2017-11-27,Short,11.25,2017-11-27 10:07:00-05:00,6419.75,6422.0,5,False,full_stop,entry5@6419.75|sl_x5,2017-11-27 10:16:00-05:00,-232.5,225.0,weekly_4_high,weekly_4,6416.0,3.75
weekly_4_high_2017-12-21,nq_weekly_4,2017-12-21,Short,13.25,2017-12-21 10:36:00-05:00,6501.5,6504.15,5,True,runner_sl,entry5@6501.50|scale4@opp|sl_x1,2017-12-21 11:22:00-05:00,552.5,265.0,weekly_4_high,weekly_4,6490.75,10.75
weekly_4_high_2018-01-17,nq_weekly_4,2018-01-17,Short,25.25,2018-01-17 10:16:00-05:00,6776.25,6781.3,5,True,runner_sl,entry5@6776.25|scale4@opp|sl_x1,2018-01-17 10:58:00-05:00,1532.5,505.0,weekly_4_high,weekly_4,6774.0,2.25
weekly_4_low_2018-03-28,nq_weekly_4,2018-03-28,Long,96.75,2018-03-28 10:43:00-04:00,6453.0,6433.65,5,False,full_stop,entry5@6453.00|sl_x5,2018-03-28 10:47:00-04:00,-1942.5,1935.0,weekly_4_low,weekly_4,6520.0,67.0
weekly_4_high_2018-07-18,nq_weekly_4,2018-07-18,Short,29.25,2018-07-18 11:17:00-04:00,7409.75,7415.6,5,True,runner_sl,entry5@7409.75|scale4@opp|sl_x1,2018-07-18 12:48:00-04:00,972.5,585.0,weekly_4_high,weekly_4,7405.0,4.75
weekly_4_high_2018-10-03,nq_weekly_4,2018-10-03,Short,21.75,2018-10-03 10:02:00-04:00,7693.5,7697.85,5,False,full_stop,entry5@7693.50|sl_x5,2018-10-03 10:03:00-04:00,-442.5,435.0,weekly_4_high,weekly_4,7687.0,6.5
weekly_4_low_2018-10-30,nq_weekly_4,2018-10-30,Long,73.5,2018-10-30 10:44:00-04:00,6698.25,6683.55,5,True,runner_tp,entry5@6698.25|scale4@opp|runner_tp,2018-10-30 11:49:00-04:00,5087.5,1470.0,weekly_4_low,weekly_4,6750.5,52.25
weekly_4_high_2019-03-12,nq_weekly_4,2019-03-12,Short,24.25,2019-03-12 10:30:00-04:00,7219.0,7223.85,5,False,full_stop,entry5@7219.00|sl_x5,2019-03-12 10:30:00-04:00,-492.5,485.0,weekly_4_high,weekly_4,7211.5,7.5
weekly_4_high_2019-04-11,nq_weekly_4,2019-04-11,Short,22.5,2019-04-11 10:40:00-04:00,7632.0,7636.5,5,True,runner_sl,entry5@7632.00|scale4@opp|sl_x1,2019-04-11 11:07:00-04:00,472.5,450.0,weekly_4_high,weekly_4,7616.25,15.75
weekly_4_low_2019-05-23,nq_weekly_4,2019-05-23,Long,29.25,2019-05-23 11:56:00-04:00,7301.25,7295.4,5,False,full_stop,entry5@7301.25|sl_x5,2019-05-23 11:57:00-04:00,-592.5,585.0,weekly_4_low,weekly_4,7312.75,11.5
weekly_4_high_2019-07-15,nq_weekly_4,2019-07-15,Short,17.5,2019-07-15 10:22:00-04:00,7974.5,7978.0,5,True,runner_sl,entry5@7974.50|scale4@opp|sl_x1,2019-07-15 10:56:00-04:00,592.5,350.0,weekly_4_high,weekly_4,7966.75,7.75
weekly_4_high_2020-01-08,nq_weekly_4,2020-01-08,Short,38.0,2020-01-08 10:15:00-05:00,8896.0,8903.6,5,False,full_stop,entry5@8896.00|sl_x5,2020-01-08 11:29:00-05:00,-767.5,760.0,weekly_4_high,weekly_4,8889.5,6.5
weekly_4_high_2020-01-14,nq_weekly_4,2020-01-14,Short,34.0,2020-01-14 10:14:00-05:00,9068.25,9075.05,5,False,full_stop,entry5@9068.25|sl_x5,2020-01-14 10:31:00-05:00,-687.5,680.0,weekly_4_high,weekly_4,9042.5,25.75
weekly_4_high_2020-06-01,nq_weekly_4,2020-06-01,Short,53.25,2020-06-01 12:45:00-04:00,9585.0,9595.65,5,False,full_stop,entry5@9585.00|sl_x5,2020-06-01 13:06:00-04:00,-1072.5,1065.0,weekly_4_high,weekly_4,9571.5,13.5
weekly_4_high_2020-08-04,nq_weekly_4,2020-08-04,Short,43.5,2020-08-04 10:00:00-04:00,11066.25,11074.95,5,False,full_stop,entry5@11066.25|sl_x5,2020-08-04 10:08:00-04:00,-877.5,870.0,weekly_4_high,weekly_4,11058.5,7.75
weekly_4_high_2020-11-09,nq_weekly_4,2020-11-09,Short,170.0,2020-11-09 10:15:00-05:00,12222.0,12256.0,5,False,full_stop,entry5@12222.00|sl_x5,2020-11-09 10:18:00-05:00,-3407.5,3400.0,weekly_4_high,weekly_4,12197.0,25.0
weekly_4_high_2021-02-05,nq_weekly_4,2021-02-05,Short,48.75,2021-02-05 12:03:00-05:00,13580.25,13590.0,5,False,full_stop,entry5@13580.25|sl_x5,2021-02-05 12:11:00-05:00,-982.5,975.0,weekly_4_high,weekly_4,13554.5,25.75
weekly_4_high_2021-07-23,nq_weekly_4,2021-07-23,Short,59.75,2021-07-23 10:31:00-04:00,15004.75,15016.7,5,False,full_stop,entry5@15004.75|sl_x5,2021-07-23 10:38:00-04:00,-1202.5,1195.0,weekly_4_high,weekly_4,14996.0,8.75
weekly_4_high_2021-10-19,nq_weekly_4,2021-10-19,Short,52.5,2021-10-19 10:16:00-04:00,15357.75,15368.25,5,False,full_stop,entry5@15357.75|sl_x5,2021-10-19 10:56:00-04:00,-1057.5,1050.0,weekly_4_high,weekly_4,15347.0,10.75
weekly_4_low_2021-12-03,nq_weekly_4,2021-12-03,Long,158.75,2021-12-03 10:35:00-05:00,15733.0,15701.25,5,False,full_stop,entry5@15733.00|sl_x5,2021-12-03 10:41:00-05:00,-3182.5,3175.0,weekly_4_low,weekly_4,15768.5,35.5
weekly_4_low_2022-09-30,nq_weekly_4,2022-09-30,Long,102.25,2022-09-30 13:43:00-04:00,11165.5,11145.05,5,False,full_stop,entry5@11165.50|sl_x5,2022-09-30 14:43:00-04:00,-2052.5,2045.0,weekly_4_low,weekly_4,11229.0,63.5
weekly_4_high_2023-03-21,nq_weekly_4,2023-03-21,Short,41.25,2023-03-21 14:56:00-04:00,12837.25,12845.5,5,False,full_stop,entry5@12837.25|sl_x5,2023-03-21 14:58:00-04:00,-832.5,825.0,weekly_4_high,weekly_4,12811.25,26.0
weekly_4_high_2023-03-24,nq_weekly_4,2023-03-24,Short,101.75,2023-03-24 10:14:00-04:00,12840.0,12860.35,5,True,runner_sl,entry5@12840.00|scale4@opp|sl_x1,2023-03-24 12:01:00-04:00,7752.5,2035.0,weekly_4_high,weekly_4,12811.25,28.75
weekly_4_high_2023-05-16,nq_weekly_4,2023-05-16,Short,69.0,2023-05-16 10:31:00-04:00,13515.75,13529.55,5,False,full_stop,entry5@13515.75|sl_x5,2023-05-16 10:57:00-04:00,-1387.5,1380.0,weekly_4_high,weekly_4,13487.25,28.5
weekly_4_high_2023-05-17,nq_weekly_4,2023-05-17,Short,27.75,2023-05-17 10:40:00-04:00,13526.25,13531.8,5,False,full_stop,entry5@13526.25|sl_x5,2023-05-17 10:47:00-04:00,-562.5,555.0,weekly_4_high,weekly_4,13487.25,39.0
weekly_4_high_2023-06-05,nq_weekly_4,2023-06-05,Short,84.5,2023-06-05 10:45:00-04:00,14646.0,14662.9,5,False,full_stop,entry5@14646.00|sl_x5,2023-06-05 10:55:00-04:00,-1697.5,1690.0,weekly_4_high,weekly_4,14627.75,18.25
weekly_4_low_2023-09-25,nq_weekly_4,2023-09-25,Long,85.0,2023-09-25 10:22:00-04:00,14837.5,14820.5,5,False,full_stop,entry5@14837.50|sl_x5,2023-09-25 10:26:00-04:00,-1707.5,1700.0,weekly_4_low,weekly_4,14852.5,15.0
weekly_4_high_2023-12-18,nq_weekly_4,2023-12-18,Short,45.5,2023-12-18 10:18:00-05:00,16902.75,16911.85,5,False,full_stop,entry5@16902.75|sl_x5,2023-12-18 11:44:00-05:00,-917.5,910.0,weekly_4_high,weekly_4,16887.25,15.5
weekly_4_high_2024-05-14,nq_weekly_4,2024-05-14,Short,52.5,2024-05-14 14:14:00-04:00,18370.75,18381.25,5,False,full_stop,entry5@18370.75|sl_x5,2024-05-14 14:15:00-04:00,-1057.5,1050.0,weekly_4_high,weekly_4,18348.0,22.75
weekly_4_high_2024-07-03,nq_weekly_4,2024-07-03,Short,51.5,2024-07-03 10:43:00-04:00,20300.0,20310.3,5,False,full_stop,entry5@20300.00|sl_x5,2024-07-03 10:46:00-04:00,-1037.5,1030.0,weekly_4_high,weekly_4,20273.25,26.75
weekly_4_high_2024-09-20,nq_weekly_4,2024-09-20,Short,51.75,2024-09-20 15:38:00-04:00,20073.75,20084.1,5,True,eod,entry5@20073.75|scale4@opp|eod_x1,2024-09-20 15:59:00-04:00,4252.5,1035.0,weekly_4_high,weekly_4,20025.25,48.5
weekly_4_high_2025-08-11,nq_weekly_4,2025-08-11,Short,57.5,2025-08-11 12:01:00-04:00,23767.5,23779.0,5,False,full_stop,entry5@23767.50|sl_x5,2025-08-11 12:07:00-04:00,-1157.5,1150.0,weekly_4_high,weekly_4,23752.0,15.5
weekly_4_high_2025-08-12,nq_weekly_4,2025-08-12,Short,98.0,2025-08-12 10:37:00-04:00,23764.25,23783.85,5,False,full_stop,entry5@23764.25|sl_x5,2025-08-12 11:01:00-04:00,-1967.5,1960.0,weekly_4_high,weekly_4,23752.0,12.25
weekly_4_high_2025-10-06,nq_weekly_4,2025-10-06,Short,105.0,2025-10-06 10:21:00-04:00,25179.0,25200.0,5,True,runner_sl,entry5@25179.00|scale4@opp|sl_x1,2025-10-06 11:43:00-04:00,4972.5,2100.0,weekly_4_high,weekly_4,25169.0,10.0
weekly_4_low_2026-01-20,nq_weekly_4,2026-01-20,Long,123.5,2026-01-20 13:23:00-05:00,25254.75,25230.05,5,False,full_stop,entry5@25254.75|sl_x5,2026-01-20 13:33:00-05:00,-2477.5,2470.0,weekly_4_low,weekly_4,25265.25,10.5
weekly_4_low_2026-01-21,nq_weekly_4,2026-01-21,Long,95.75,2026-01-21 12:08:00-05:00,25197.25,25178.1,5,False,full_stop,entry5@25197.25|sl_x5,2026-01-21 12:12:00-05:00,-1922.5,1915.0,weekly_4_low,weekly_4,25265.25,68.0
weekly_4_low_2026-02-17,nq_weekly_4,2026-02-17,Long,210.0,2026-02-17 10:33:00-05:00,24462.25,24420.25,5,True,eod,entry5@24462.25|scale4@opp|eod_x1,2026-02-17 15:59:00-05:00,34567.5,4200.0,weekly_4_low,weekly_4,24543.25,81.0
weekly_4_high_2010-12-13,nq_weekly_4_wick25,2010-12-13,Short,8.25,2010-12-13 10:31:00-05:00,2221.75,2223.4,5,False,full_stop,entry5@2221.75|sl_x5,2010-12-13 10:55:00-05:00,-172.5,165.0,weekly_4_high,weekly_4,2216.75,5.0
weekly_4_high_2010-12-14,nq_weekly_4_wick25,2010-12-14,Short,7.5,2010-12-14 13:47:00-05:00,2219.25,2220.75,5,True,eod,entry5@2219.25|scale4@opp|eod_x1,2010-12-14 15:59:00-05:00,1062.5,150.0,weekly_4_high,weekly_4,2216.75,2.5
weekly_4_high_2011-04-25,nq_weekly_4_wick25,2011-04-25,Short,5.0,2011-04-25 10:00:00-04:00,2381.0,2382.0,5,True,runner_sl,entry5@2381.00|scale4@opp|sl_x1,2011-04-25 14:20:00-04:00,592.5,100.0,weekly_4_high,weekly_4,2379.25,1.75
weekly_4_high_2012-01-06,nq_weekly_4_wick25,2012-01-06,Short,9.0,2012-01-06 10:43:00-05:00,2346.75,2348.55,5,False,full_stop,entry5@2346.75|sl_x5,2012-01-06 10:46:00-05:00,-187.5,180.0,weekly_4_high,weekly_4,2343.75,3.0
weekly_4_high_2012-01-11,nq_weekly_4_wick25,2012-01-11,Short,7.0,2012-01-11 10:38:00-05:00,2368.75,2370.15,5,False,full_stop,entry5@2368.75|sl_x5,2012-01-11 10:40:00-05:00,-147.5,140.0,weekly_4_high,weekly_4,2358.75,10.0
weekly_4_high_2012-02-01,nq_weekly_4_wick25,2012-02-01,Short,9.75,2012-02-01 10:25:00-05:00,2479.5,2481.45,5,False,full_stop,entry5@2479.50|sl_x5,2012-02-01 10:51:00-05:00,-202.5,195.0,weekly_4_high,weekly_4,2476.0,3.5
weekly_4_high_2012-02-14,nq_weekly_4_wick25,2012-02-14,Short,5.25,2012-02-14 15:49:00-05:00,2568.75,2569.8,5,False,full_stop,entry5@2568.75|sl_x5,2012-02-14 15:49:00-05:00,-112.5,105.0,weekly_4_high,weekly_4,2565.0,3.75
weekly_4_low_2012-11-13,nq_weekly_4_wick25,2012-11-13,Long,13.5,2012-11-13 15:41:00-05:00,2563.75,2561.05,5,False,full_stop,entry5@2563.75|sl_x5,2012-11-13 15:45:00-05:00,-277.5,270.0,weekly_4_low,weekly_4,2568.75,5.0
weekly_4_low_2012-11-14,nq_weekly_4_wick25,2012-11-14,Long,5.75,2012-11-14 10:16:00-05:00,2564.5,2563.35,5,False,full_stop,entry5@2564.50|sl_x5,2012-11-14 10:16:00-05:00,-122.5,115.0,weekly_4_low,weekly_4,2568.75,4.25
weekly_4_high_2013-04-30,nq_weekly_4_wick25,2013-04-30,Short,7.5,2013-04-30 10:43:00-04:00,2864.75,2866.25,5,False,full_stop,entry5@2864.75|sl_x5,2013-04-30 10:43:00-04:00,-157.5,150.0,weekly_4_high,weekly_4,2858.5,6.25
weekly_4_high_2013-05-13,nq_weekly_4_wick25,2013-05-13,Short,8.25,2013-05-13 11:50:00-04:00,2981.5,2983.15,5,False,full_stop,entry5@2981.50|sl_x5,2013-05-13 11:50:00-04:00,-172.5,165.0,weekly_4_high,weekly_4,2978.25,3.25
weekly_4_high_2013-05-20,nq_weekly_4_wick25,2013-05-20,Short,8.75,2013-05-20 11:35:00-04:00,3030.5,3032.25,5,True,eod,entry5@3030.50|scale4@opp|eod_x1,2013-05-20 15:59:00-04:00,1197.5,175.0,weekly_4_high,weekly_4,3028.25,2.25
weekly_4_high_2014-01-17,nq_weekly_4_wick25,2014-01-17,Short,8.5,2014-01-17 10:26:00-05:00,3596.0,3597.7,5,False,full_stop,entry5@3596.00|sl_x5,2014-01-17 10:55:00-05:00,-177.5,170.0,weekly_4_high,weekly_4,3589.0,7.0
weekly_4_low_2014-01-28,nq_weekly_4_wick25,2014-01-28,Long,14.25,2014-01-28 11:18:00-05:00,3488.75,3485.9,5,False,full_stop,entry5@3488.75|sl_x5,2014-01-28 11:24:00-05:00,-292.5,285.0,weekly_4_low,weekly_4,3492.5,3.75
weekly_4_high_2014-02-18,nq_weekly_4_wick25,2014-02-18,Short,9.75,2014-02-18 10:21:00-05:00,3675.0,3676.95,5,False,full_stop,entry5@3675.00|sl_x5,2014-02-18 10:25:00-05:00,-202.5,195.0,weekly_4_high,weekly_4,3668.0,7.0
weekly_4_high_2014-02-19,nq_weekly_4_wick25,2014-02-19,Short,10.25,2014-02-19 10:28:00-05:00,3675.25,3677.3,5,False,full_stop,entry5@3675.25|sl_x5,2014-02-19 10:32:00-05:00,-212.5,205.0,weekly_4_high,weekly_4,3668.0,7.25
weekly_4_high_2014-02-26,nq_weekly_4_wick25,2014-02-26,Short,7.75,2014-02-26 10:22:00-05:00,3692.75,3694.3,5,False,full_stop,entry5@3692.75|sl_x5,2014-02-26 10:24:00-05:00,-162.5,155.0,weekly_4_high,weekly_4,3686.75,6.0
weekly_4_high_2014-03-05,nq_weekly_4_wick25,2014-03-05,Short,6.5,2014-03-05 10:25:00-05:00,3724.75,3726.05,5,False,full_stop,entry5@3724.75|sl_x5,2014-03-05 10:26:00-05:00,-137.5,130.0,weekly_4_high,weekly_4,3722.5,2.25
weekly_4_low_2014-04-07,nq_weekly_4_wick25,2014-04-07,Long,21.25,2014-04-07 12:09:00-04:00,3499.0,3494.75,5,False,full_stop,entry5@3499.00|sl_x5,2014-04-07 12:13:00-04:00,-432.5,425.0,weekly_4_low,weekly_4,3522.75,23.75
weekly_4_high_2014-06-10,nq_weekly_4_wick25,2014-06-10,Short,11.0,2014-06-10 10:28:00-04:00,3799.5,3801.7,5,False,full_stop,entry5@3799.50|sl_x5,2014-06-10 11:11:00-04:00,-227.5,220.0,weekly_4_high,weekly_4,3796.0,3.5
weekly_4_high_2014-06-11,nq_weekly_4_wick25,2014-06-11,Short,11.25,2014-06-11 10:05:00-04:00,3800.5,3802.75,5,False,full_stop,entry5@3800.50|sl_x5,2014-06-11 10:23:00-04:00,-232.5,225.0,weekly_4_high,weekly_4,3796.0,4.5
weekly_4_high_2014-07-14,nq_weekly_4_wick25,2014-07-14,Short,7.0,2014-07-14 10:37:00-04:00,3920.0,3921.4,5,False,full_stop,entry5@3920.00|sl_x5,2014-07-14 10:46:00-04:00,-147.5,140.0,weekly_4_high,weekly_4,3918.0,2.0
weekly_4_high_2014-08-28,nq_weekly_4_wick25,2014-08-28,Short,6.25,2014-08-28 10:48:00-04:00,4064.5,4065.75,5,False,full_stop,entry5@4064.50|sl_x5,2014-08-28 10:49:00-04:00,-132.5,125.0,weekly_4_high,weekly_4,4061.0,3.5
weekly_4_high_2014-10-30,nq_weekly_4_wick25,2014-10-30,Short,17.75,2014-10-30 12:30:00-04:00,4082.75,4086.3,5,False,full_stop,entry5@4082.75|sl_x5,2014-10-30 13:16:00-04:00,-362.5,355.0,weekly_4_high,weekly_4,4064.75,18.0
weekly_4_high_2014-11-12,nq_weekly_4_wick25,2014-11-12,Short,9.5,2014-11-12 10:06:00-05:00,4178.25,4180.15,5,False,full_stop,entry5@4178.25|sl_x5,2014-11-12 10:08:00-05:00,-197.5,190.0,weekly_4_high,weekly_4,4175.0,3.25
weekly_4_high_2015-12-02,nq_weekly_4_wick25,2015-12-02,Short,17.0,2015-12-02 09:58:00-05:00,4734.5,4737.9,5,False,full_stop,entry5@4734.50|sl_x5,2015-12-02 10:00:00-05:00,-347.5,340.0,weekly_4_high,weekly_4,4729.5,5.0
weekly_4_low_2016-05-06,nq_weekly_4_wick25,2016-05-06,Long,32.0,2016-05-06 10:20:00-04:00,4288.75,4282.35,5,False,full_stop,entry5@4288.75|sl_x5,2016-05-06 10:25:00-04:00,-647.5,640.0,weekly_4_low,weekly_4,4296.75,8.0
weekly_4_low_2016-11-02,nq_weekly_4_wick25,2016-11-02,Long,14.25,2016-11-02 10:30:00-04:00,4750.5,4747.65,5,False,full_stop,entry5@4750.50|sl_x5,2016-11-02 10:34:00-04:00,-292.5,285.0,weekly_4_low,weekly_4,4754.5,4.0
weekly_4_high_2017-01-10,nq_weekly_4_wick25,2017-01-10,Short,13.0,2017-01-10 10:35:00-05:00,5025.75,5028.35,5,False,full_stop,entry5@5025.75|sl_x5,2017-01-10 10:55:00-05:00,-267.5,260.0,weekly_4_high,weekly_4,5017.5,8.25
weekly_4_high_2017-01-12,nq_weekly_4_wick25,2017-01-12,Short,15.0,2017-01-12 12:36:00-05:00,5021.5,5024.5,5,False,full_stop,entry5@5021.50|sl_x5,2017-01-12 13:10:00-05:00,-307.5,300.0,weekly_4_high,weekly_4,5017.5,4.0
weekly_4_high_2017-03-01,nq_weekly_4_wick25,2017-03-01,Short,13.0,2017-03-01 09:56:00-05:00,5363.25,5365.85,5,False,full_stop,entry5@5363.25|sl_x5,2017-03-01 10:00:00-05:00,-267.5,260.0,weekly_4_high,weekly_4,5359.5,3.75
weekly_4_high_2017-03-03,nq_weekly_4_wick25,2017-03-03,Short,9.5,2017-03-03 12:32:00-05:00,5364.5,5366.4,5,False,full_stop,entry5@5364.50|sl_x5,2017-03-03 13:04:00-05:00,-197.5,190.0,weekly_4_high,weekly_4,5359.5,5.0
weekly_4_high_2017-03-31,nq_weekly_4_wick25,2017-03-31,Short,7.0,2017-03-31 10:37:00-04:00,5444.5,5445.9,5,False,full_stop,entry5@5444.50|sl_x5,2017-03-31 11:09:00-04:00,-147.5,140.0,weekly_4_high,weekly_4,5441.0,3.5
weekly_4_high_2017-05-08,nq_weekly_4_wick25,2017-05-08,Short,12.5,2017-05-08 10:44:00-04:00,5647.75,5650.25,5,True,runner_sl,entry5@5647.75|scale4@opp|sl_x1,2017-05-08 12:33:00-04:00,652.5,250.0,weekly_4_high,weekly_4,5644.25,3.5
weekly_4_low_2017-07-06,nq_weekly_4_wick25,2017-07-06,Long,26.25,2017-07-06 10:05:00-04:00,5590.25,5585.0,5,False,full_stop,entry5@5590.25|sl_x5,2017-07-06 10:07:00-04:00,-532.5,525.0,weekly_4_low,weekly_4,5601.0,10.75
weekly_4_high_2017-07-17,nq_weekly_4_wick25,2017-07-17,Short,10.5,2017-07-17 09:56:00-04:00,5856.25,5858.35,5,False,full_stop,entry5@5856.25|sl_x5,2017-07-17 10:03:00-04:00,-217.5,210.0,weekly_4_high,weekly_4,5852.0,4.25
weekly_4_high_2017-10-11,nq_weekly_4_wick25,2017-10-11,Short,11.75,2017-10-11 10:26:00-04:00,6073.75,6076.1,5,False,full_stop,entry5@6073.75|sl_x5,2017-10-11 13:14:00-04:00,-242.5,235.0,weekly_4_high,weekly_4,6069.0,4.75
weekly_4_high_2017-11-27,nq_weekly_4_wick25,2017-11-27,Short,11.25,2017-11-27 10:07:00-05:00,6419.75,6422.0,5,False,full_stop,entry5@6419.75|sl_x5,2017-11-27 10:16:00-05:00,-232.5,225.0,weekly_4_high,weekly_4,6416.0,3.75
weekly_4_high_2017-12-21,nq_weekly_4_wick25,2017-12-21,Short,13.25,2017-12-21 10:36:00-05:00,6501.5,6504.15,5,True,runner_sl,entry5@6501.50|scale4@opp|sl_x1,2017-12-21 11:22:00-05:00,552.5,265.0,weekly_4_high,weekly_4,6490.75,10.75
weekly_4_low_2018-03-28,nq_weekly_4_wick25,2018-03-28,Long,96.75,2018-03-28 10:43:00-04:00,6453.0,6433.65,5,False,full_stop,entry5@6453.00|sl_x5,2018-03-28 10:47:00-04:00,-1942.5,1935.0,weekly_4_low,weekly_4,6520.0,67.0
weekly_4_high_2018-10-03,nq_weekly_4_wick25,2018-10-03,Short,21.75,2018-10-03 10:02:00-04:00,7693.5,7697.85,5,False,full_stop,entry5@7693.50|sl_x5,2018-10-03 10:03:00-04:00,-442.5,435.0,weekly_4_high,weekly_4,7687.0,6.5
weekly_4_low_2018-10-30,nq_weekly_4_wick25,2018-10-30,Long,73.5,2018-10-30 10:44:00-04:00,6698.25,6683.55,5,True,runner_tp,entry5@6698.25|scale4@opp|runner_tp,2018-10-30 11:49:00-04:00,5087.5,1470.0,weekly_4_low,weekly_4,6750.5,52.25
weekly_4_high_2019-03-12,nq_weekly_4_wick25,2019-03-12,Short,24.25,2019-03-12 10:30:00-04:00,7219.0,7223.85,5,False,full_stop,entry5@7219.00|sl_x5,2019-03-12 10:30:00-04:00,-492.5,485.0,weekly_4_high,weekly_4,7211.5,7.5
weekly_4_high_2019-04-11,nq_weekly_4_wick25,2019-04-11,Short,22.5,2019-04-11 10:40:00-04:00,7632.0,7636.5,5,True,runner_sl,entry5@7632.00|scale4@opp|sl_x1,2019-04-11 11:07:00-04:00,472.5,450.0,weekly_4_high,weekly_4,7616.25,15.75
weekly_4_low_2019-05-23,nq_weekly_4_wick25,2019-05-23,Long,29.25,2019-05-23 11:56:00-04:00,7301.25,7295.4,5,False,full_stop,entry5@7301.25|sl_x5,2019-05-23 11:57:00-04:00,-592.5,585.0,weekly_4_low,weekly_4,7312.75,11.5
weekly_4_high_2019-07-15,nq_weekly_4_wick25,2019-07-15,Short,17.5,2019-07-15 10:22:00-04:00,7974.5,7978.0,5,True,runner_sl,entry5@7974.50|scale4@opp|sl_x1,2019-07-15 10:56:00-04:00,592.5,350.0,weekly_4_high,weekly_4,7966.75,7.75
weekly_4_high_2020-01-14,nq_weekly_4_wick25,2020-01-14,Short,34.0,2020-01-14 10:14:00-05:00,9068.25,9075.05,5,False,full_stop,entry5@9068.25|sl_x5,2020-01-14 10:31:00-05:00,-687.5,680.0,weekly_4_high,weekly_4,9042.5,25.75
weekly_4_high_2020-06-01,nq_weekly_4_wick25,2020-06-01,Short,53.25,2020-06-01 12:45:00-04:00,9585.0,9595.65,5,False,full_stop,entry5@9585.00|sl_x5,2020-06-01 13:06:00-04:00,-1072.5,1065.0,weekly_4_high,weekly_4,9571.5,13.5
weekly_4_high_2021-02-05,nq_weekly_4_wick25,2021-02-05,Short,48.75,2021-02-05 12:03:00-05:00,13580.25,13590.0,5,False,full_stop,entry5@13580.25|sl_x5,2021-02-05 12:11:00-05:00,-982.5,975.0,weekly_4_high,weekly_4,13554.5,25.75
weekly_4_low_2022-09-30,nq_weekly_4_wick25,2022-09-30,Long,102.25,2022-09-30 13:43:00-04:00,11165.5,11145.05,5,False,full_stop,entry5@11165.50|sl_x5,2022-09-30 14:43:00-04:00,-2052.5,2045.0,weekly_4_low,weekly_4,11229.0,63.5
weekly_4_high_2023-03-21,nq_weekly_4_wick25,2023-03-21,Short,41.25,2023-03-21 14:56:00-04:00,12837.25,12845.5,5,False,full_stop,entry5@12837.25|sl_x5,2023-03-21 14:58:00-04:00,-832.5,825.0,weekly_4_high,weekly_4,12811.25,26.0
weekly_4_high_2023-03-24,nq_weekly_4_wick25,2023-03-24,Short,101.75,2023-03-24 10:14:00-04:00,12840.0,12860.35,5,True,runner_sl,entry5@12840.00|scale4@opp|sl_x1,2023-03-24 12:01:00-04:00,7752.5,2035.0,weekly_4_high,weekly_4,12811.25,28.75
weekly_4_high_2023-05-16,nq_weekly_4_wick25,2023-05-16,Short,69.0,2023-05-16 10:31:00-04:00,13515.75,13529.55,5,False,full_stop,entry5@13515.75|sl_x5,2023-05-16 10:57:00-04:00,-1387.5,1380.0,weekly_4_high,weekly_4,13487.25,28.5
weekly_4_high_2023-05-17,nq_weekly_4_wick25,2023-05-17,Short,27.75,2023-05-17 10:40:00-04:00,13526.25,13531.8,5,False,full_stop,entry5@13526.25|sl_x5,2023-05-17 10:47:00-04:00,-562.5,555.0,weekly_4_high,weekly_4,13487.25,39.0
weekly_4_high_2023-12-18,nq_weekly_4_wick25,2023-12-18,Short,45.5,2023-12-18 10:18:00-05:00,16902.75,16911.85,5,False,full_stop,entry5@16902.75|sl_x5,2023-12-18 11:44:00-05:00,-917.5,910.0,weekly_4_high,weekly_4,16887.25,15.5
weekly_4_high_2024-05-14,nq_weekly_4_wick25,2024-05-14,Short,52.5,2024-05-14 14:14:00-04:00,18370.75,18381.25,5,False,full_stop,entry5@18370.75|sl_x5,2024-05-14 14:15:00-04:00,-1057.5,1050.0,weekly_4_high,weekly_4,18348.0,22.75
weekly_4_high_2024-07-03,nq_weekly_4_wick25,2024-07-03,Short,51.5,2024-07-03 10:43:00-04:00,20300.0,20310.3,5,False,full_stop,entry5@20300.00|sl_x5,2024-07-03 10:46:00-04:00,-1037.5,1030.0,weekly_4_high,weekly_4,20273.25,26.75
weekly_4_high_2024-09-20,nq_weekly_4_wick25,2024-09-20,Short,51.75,2024-09-20 15:38:00-04:00,20073.75,20084.1,5,True,eod,entry5@20073.75|scale4@opp|eod_x1,2024-09-20 15:59:00-04:00,4252.5,1035.0,weekly_4_high,weekly_4,20025.25,48.5
weekly_4_high_2025-08-11,nq_weekly_4_wick25,2025-08-11,Short,57.5,2025-08-11 12:01:00-04:00,23767.5,23779.0,5,False,full_stop,entry5@23767.50|sl_x5,2025-08-11 12:07:00-04:00,-1157.5,1150.0,weekly_4_high,weekly_4,23752.0,15.5
weekly_4_low_2026-01-21,nq_weekly_4_wick25,2026-01-21,Long,95.75,2026-01-21 12:08:00-05:00,25197.25,25178.1,5,False,full_stop,entry5@25197.25|sl_x5,2026-01-21 12:12:00-05:00,-1922.5,1915.0,weekly_4_low,weekly_4,25265.25,68.0
weekly_4_low_2026-02-17,nq_weekly_4_wick25,2026-02-17,Long,210.0,2026-02-17 10:33:00-05:00,24462.25,24420.25,5,True,eod,entry5@24462.25|scale4@opp|eod_x1,2026-02-17 15:59:00-05:00,34567.5,4200.0,weekly_4_low,weekly_4,24543.25,81.0
monthly_2_high_2010-11-29,nq_monthly_2,2010-11-29,Short,11.5,2010-11-29 15:17:00-05:00,2145.75,2148.05,5,False,full_stop,entry5@2145.75|sl_x5,2010-11-29 15:20:00-05:00,-237.5,230.0,monthly_2_high,monthly_2,2135.5,10.25
monthly_2_high_2010-12-16,nq_monthly_2,2010-12-16,Short,6.0,2010-12-16 10:21:00-05:00,2208.75,2209.95,5,False,full_stop,entry5@2208.75|sl_x5,2010-12-16 11:10:00-05:00,-127.5,120.0,monthly_2_high,monthly_2,2198.0,10.75
monthly_2_high_2011-04-29,nq_monthly_2,2011-04-29,Short,5.75,2011-04-29 13:04:00-04:00,2409.25,2410.4,5,False,full_stop,entry5@2409.25|sl_x5,2011-04-29 13:04:00-04:00,-122.5,115.0,monthly_2_high,monthly_2,2403.0,6.25
monthly_2_high_2012-01-18,nq_monthly_2,2012-01-18,Short,8.5,2012-01-18 10:03:00-05:00,2402.25,2403.95,5,False,full_stop,entry5@2402.25|sl_x5,2012-01-18 10:04:00-05:00,-177.5,170.0,monthly_2_high,monthly_2,2399.5,2.75
monthly_2_high_2012-02-01,nq_monthly_2,2012-02-01,Short,9.75,2012-02-01 10:47:00-05:00,2480.5,2482.45,5,False,full_stop,entry5@2480.50|sl_x5,2012-02-01 10:59:00-05:00,-202.5,195.0,monthly_2_high,monthly_2,2478.5,2.0
monthly_2_high_2013-03-18,nq_monthly_2,2013-03-18,Short,14.5,2013-03-18 10:36:00-04:00,2785.5,2788.4,5,False,full_stop,entry5@2785.50|sl_x5,2013-03-18 12:00:00-04:00,-297.5,290.0,monthly_2_high,monthly_2,2783.25,2.25
monthly_2_high_2013-05-02,nq_monthly_2,2013-05-02,Short,16.25,2013-05-02 10:00:00-04:00,2886.0,2889.25,5,False,full_stop,entry5@2886.00|sl_x5,2013-05-02 10:14:00-04:00,-332.5,325.0,monthly_2_high,monthly_2,2882.25,3.75
monthly_2_high_2014-01-17,nq_monthly_2,2014-01-17,Short,8.5,2014-01-17 10:26:00-05:00,3596.0,3597.7,5,False,full_stop,entry5@3596.00|sl_x5,2014-01-17 10:55:00-05:00,-177.5,170.0,monthly_2_high,monthly_2,3589.0,7.0
monthly_2_high_2014-02-13,nq_monthly_2,2014-02-13,Short,15.75,2014-02-13 10:16:00-05:00,3630.0,3633.15,5,False,full_stop,entry5@3630.00|sl_x5,2014-02-13 10:16:00-05:00,-322.5,315.0,monthly_2_high,monthly_2,3628.0,2.0
monthly_2_high_2014-03-05,nq_monthly_2,2014-03-05,Short,6.5,2014-03-05 10:25:00-05:00,3724.75,3726.05,5,False,full_stop,entry5@3724.75|sl_x5,2014-03-05 10:26:00-05:00,-137.5,130.0,monthly_2_high,monthly_2,3722.5,2.25
monthly_2_high_2014-09-09,nq_monthly_2,2014-09-09,Short,16.0,2014-09-09 13:40:00-04:00,4093.25,4096.45,5,False,full_stop,entry5@4093.25|sl_x5,2014-09-09 13:45:00-04:00,-327.5,320.0,monthly_2_high,monthly_2,4083.5,9.75
monthly_2_high_2015-07-29,nq_monthly_2,2015-07-29,Short,10.0,2015-07-29 10:39:00-04:00,4562.0,4564.0,5,False,full_stop,entry5@4562.00|sl_x5,2015-07-29 10:40:00-04:00,-207.5,200.0,monthly_2_high,monthly_2,4555.25,6.75
monthly_2_low_2015-08-21,nq_monthly_2,2015-08-21,Long,32.25,2015-08-21 10:35:00-04:00,4315.75,4309.3,5,False,full_stop,entry5@4315.75|sl_x5,2015-08-21 10:37:00-04:00,-652.5,645.0,monthly_2_low,monthly_2,4334.5,18.75
monthly_2_high_2015-12-02,nq_monthly_2,2015-12-02,Short,17.0,2015-12-02 09:58:00-05:00,4734.5,4737.9,5,False,full_stop,entry5@4734.50|sl_x5,2015-12-02 10:00:00-05:00,-347.5,340.0,monthly_2_high,monthly_2,4729.5,5.0
monthly_2_high_2017-03-01,nq_monthly_2,2017-03-01,Short,13.0,2017-03-01 09:56:00-05:00,5363.25,5365.85,5,False,full_stop,entry5@5363.25|sl_x5,2017-03-01 10:00:00-05:00,-267.5,260.0,monthly_2_high,monthly_2,5359.5,3.75
monthly_2_high_2017-03-03,nq_monthly_2,2017-03-03,Short,9.5,2017-03-03 12:32:00-05:00,5364.5,5366.4,5,False,full_stop,entry5@5364.50|sl_x5,2017-03-03 13:04:00-05:00,-197.5,190.0,monthly_2_high,monthly_2,5359.5,5.0
monthly_2_high_2017-07-19,nq_monthly_2,2017-07-19,Short,17.0,2017-07-19 11:15:00-04:00,5912.0,5915.4,5,False,full_stop,entry5@5912.00|sl_x5,2017-07-19 11:35:00-04:00,-347.5,340.0,monthly_2_high,monthly_2,5907.5,4.5
monthly_2_high_2017-11-15,nq_monthly_2,2017-11-15,Short,37.75,2017-11-15 10:34:00-05:00,6263.25,6270.8,5,False,full_stop,entry5@6263.25|sl_x5,2017-11-15 10:37:00-05:00,-762.5,755.0,monthly_2_high,monthly_2,6258.75,4.5
monthly_2_low_2018-10-18,nq_monthly_2,2018-10-18,Long,43.75,2018-10-18 11:18:00-04:00,7210.25,7201.5,5,False,full_stop,entry5@7210.25|sl_x5,2018-10-18 11:20:00-04:00,-882.5,875.0,monthly_2_low,monthly_2,7224.75,14.5
monthly_2_low_2018-10-19,nq_monthly_2,2018-10-19,Long,51.75,2018-10-19 10:00:00-04:00,7213.5,7203.15,5,True,runner_sl,entry5@7213.50|scale4@opp|sl_x1,2018-10-19 10:01:00-04:00,752.5,1035.0,monthly_2_low,monthly_2,7224.75,11.25
monthly_2_high_2020-06-01,nq_monthly_2,2020-06-01,Short,53.25,2020-06-01 12:45:00-04:00,9585.0,9595.65,5,False,full_stop,entry5@9585.00|sl_x5,2020-06-01 13:06:00-04:00,-1072.5,1065.0,monthly_2_high,monthly_2,9571.5,13.5
monthly_2_high_2020-08-04,nq_monthly_2,2020-08-04,Short,43.5,2020-08-04 10:00:00-04:00,11066.25,11074.95,5,False,full_stop,entry5@11066.25|sl_x5,2020-08-04 10:08:00-04:00,-877.5,870.0,monthly_2_high,monthly_2,11058.5,7.75
monthly_2_high_2020-09-03,nq_monthly_2,2020-09-03,Short,109.5,2020-09-03 10:01:00-04:00,12194.0,12215.9,5,True,runner_tp,entry5@12194.00|scale4@opp|runner_tp,2020-09-03 10:37:00-04:00,8282.5,2190.0,monthly_2_high,monthly_2,12165.0,29.0
monthly_2_high_2021-01-13,nq_monthly_2,2021-01-13,Short,52.0,2021-01-13 10:34:00-05:00,12945.5,12955.9,5,False,full_stop,entry5@12945.50|sl_x5,2021-01-13 10:39:00-05:00,-1047.5,1040.0,monthly_2_high,monthly_2,12918.25,27.25
monthly_2_high_2021-02-05,nq_monthly_2,2021-02-05,Short,48.75,2021-02-05 12:03:00-05:00,13580.25,13590.0,5,False,full_stop,entry5@13580.25|sl_x5,2021-02-05 12:11:00-05:00,-982.5,975.0,monthly_2_high,monthly_2,13554.5,25.75
monthly_2_low_2021-03-04,nq_monthly_2,2021-03-04,Long,115.75,2021-03-04 12:50:00-05:00,12508.75,12485.6,5,False,full_stop,entry5@12508.75|sl_x5,2021-03-04 12:55:00-05:00,-2322.5,2315.0,monthly_2_low,monthly_2,12522.5,13.75
monthly_2_high_2021-04-22,nq_monthly_2,2021-04-22,Short,40.75,2021-04-22 10:06:00-04:00,13887.0,13895.15,5,True,runner_sl,entry5@13887.00|scale4@opp|sl_x1,2021-04-22 10:17:00-04:00,1252.5,815.0,monthly_2_high,monthly_2,13878.25,8.75
monthly_2_high_2021-06-21,nq_monthly_2,2021-06-21,Short,113.75,2021-06-21 10:37:00-04:00,14079.25,14102.0,5,False,full_stop,entry5@14079.25|sl_x5,2021-06-21 10:53:00-04:00,-2282.5,2275.0,monthly_2_high,monthly_2,14060.75,18.5
monthly_2_high_2021-07-20,nq_monthly_2,2021-07-20,Short,84.0,2021-07-20 10:18:00-04:00,14590.5,14607.3,5,False,full_stop,entry5@14590.50|sl_x5,2021-07-20 10:20:00-04:00,-1687.5,1680.0,monthly_2_high,monthly_2,14576.75,13.75
monthly_2_high_2021-09-07,nq_monthly_2,2021-09-07,Short,43.25,2021-09-07 10:33:00-04:00,15655.5,15664.15,5,False,full_stop,entry5@15655.50|sl_x5,2021-09-07 10:41:00-04:00,-872.5,865.0,monthly_2_high,monthly_2,15617.75,37.75
monthly_2_low_2021-10-12,nq_monthly_2,2021-10-12,Long,90.0,2021-10-12 10:17:00-04:00,14657.5,14639.5,5,False,full_stop,entry5@14657.50|sl_x5,2021-10-12 10:54:00-04:00,-1807.5,1800.0,monthly_2_low,monthly_2,14670.25,12.75
monthly_2_high_2023-02-17,nq_monthly_2,2023-02-17,Short,77.5,2023-02-17 10:03:00-05:00,12350.5,12366.0,5,True,runner_sl,entry5@12350.50|scale4@opp|sl_x1,2023-02-17 10:04:00-05:00,332.5,1550.0,monthly_2_high,monthly_2,12308.5,42.0
monthly_2_high_2024-02-14,nq_monthly_2,2024-02-14,Short,76.0,2024-02-14 10:19:00-05:00,17815.5,17830.7,5,False,full_stop,entry5@17815.50|sl_x5,2024-02-14 10:20:00-05:00,-1527.5,1520.0,monthly_2_high,monthly_2,17793.5,22.0
monthly_2_high_2024-02-16,nq_monthly_2,2024-02-16,Short,52.5,2024-02-16 14:02:00-05:00,17895.75,17906.25,5,True,runner_tp,entry5@17895.75|scale4@opp|runner_tp,2024-02-16 14:47:00-05:00,2867.5,1050.0,monthly_2_high,monthly_2,17793.5,102.25
monthly_2_high_2024-05-21,nq_monthly_2,2024-05-21,Short,36.0,2024-05-21 10:03:00-04:00,18719.75,18726.95,5,False,full_stop,entry5@18719.75|sl_x5,2024-05-21 10:25:00-04:00,-727.5,720.0,monthly_2_high,monthly_2,18709.0,10.75
monthly_2_high_2024-07-03,nq_monthly_2,2024-07-03,Short,51.5,2024-07-03 10:43:00-04:00,20300.0,20310.3,5,False,full_stop,entry5@20300.00|sl_x5,2024-07-03 10:46:00-04:00,-1037.5,1030.0,monthly_2_high,monthly_2,20273.25,26.75
monthly_2_low_2024-08-07,nq_monthly_2,2024-08-07,Long,102.0,2024-08-07 11:44:00-04:00,18405.75,18385.35,5,False,full_stop,entry5@18405.75|sl_x5,2024-08-07 11:45:00-04:00,-2047.5,2040.0,monthly_2_low,monthly_2,18435.75,30.0
monthly_2_high_2024-11-21,nq_monthly_2,2024-11-21,Short,277.5,2024-11-21 11:30:00-05:00,20786.0,20841.5,5,False,full_stop,entry5@20786.00|sl_x5,2024-11-21 12:44:00-05:00,-5557.5,5550.0,monthly_2_high,monthly_2,20746.5,39.5
monthly_2_high_2024-12-30,nq_monthly_2,2024-12-30,Short,106.5,2024-12-30 10:39:00-05:00,21365.25,21386.55,5,False,full_stop,entry5@21365.25|sl_x5,2024-12-30 10:45:00-05:00,-2137.5,2130.0,monthly_2_high,monthly_2,21292.75,72.5
monthly_2_high_2025-08-11,nq_monthly_2,2025-08-11,Short,57.5,2025-08-11 12:01:00-04:00,23767.5,23779.0,5,False,full_stop,entry5@23767.50|sl_x5,2025-08-11 12:07:00-04:00,-1157.5,1150.0,monthly_2_high,monthly_2,23752.0,15.5
monthly_2_high_2025-08-12,nq_monthly_2,2025-08-12,Short,98.0,2025-08-12 10:37:00-04:00,23764.25,23783.85,5,False,full_stop,entry5@23764.25|sl_x5,2025-08-12 11:01:00-04:00,-1967.5,1960.0,monthly_2_high,monthly_2,23752.0,12.25
monthly_2_high_2025-08-18,nq_monthly_2,2025-08-18,Short,49.25,2025-08-18 10:24:00-04:00,23804.75,23814.6,5,False,full_stop,entry5@23804.75|sl_x5,2025-08-18 10:24:00-04:00,-992.5,985.0,monthly_2_high,monthly_2,23752.0,52.75
monthly_2_high_2010-11-29,nq_monthly_2_wick25,2010-11-29,Short,11.5,2010-11-29 15:17:00-05:00,2145.75,2148.05,5,False,full_stop,entry5@2145.75|sl_x5,2010-11-29 15:20:00-05:00,-237.5,230.0,monthly_2_high,monthly_2,2135.5,10.25
monthly_2_high_2010-12-16,nq_monthly_2_wick25,2010-12-16,Short,6.0,2010-12-16 10:21:00-05:00,2208.75,2209.95,5,False,full_stop,entry5@2208.75|sl_x5,2010-12-16 11:10:00-05:00,-127.5,120.0,monthly_2_high,monthly_2,2198.0,10.75
monthly_2_high_2011-04-29,nq_monthly_2_wick25,2011-04-29,Short,5.75,2011-04-29 13:04:00-04:00,2409.25,2410.4,5,False,full_stop,entry5@2409.25|sl_x5,2011-04-29 13:04:00-04:00,-122.5,115.0,monthly_2_high,monthly_2,2403.0,6.25
monthly_2_high_2012-01-18,nq_monthly_2_wick25,2012-01-18,Short,8.5,2012-01-18 10:03:00-05:00,2402.25,2403.95,5,False,full_stop,entry5@2402.25|sl_x5,2012-01-18 10:04:00-05:00,-177.5,170.0,monthly_2_high,monthly_2,2399.5,2.75
monthly_2_high_2014-01-17,nq_monthly_2_wick25,2014-01-17,Short,8.5,2014-01-17 10:26:00-05:00,3596.0,3597.7,5,False,full_stop,entry5@3596.00|sl_x5,2014-01-17 10:55:00-05:00,-177.5,170.0,monthly_2_high,monthly_2,3589.0,7.0
monthly_2_high_2014-03-05,nq_monthly_2_wick25,2014-03-05,Short,6.5,2014-03-05 10:25:00-05:00,3724.75,3726.05,5,False,full_stop,entry5@3724.75|sl_x5,2014-03-05 10:26:00-05:00,-137.5,130.0,monthly_2_high,monthly_2,3722.5,2.25
monthly_2_high_2014-09-09,nq_monthly_2_wick25,2014-09-09,Short,16.0,2014-09-09 13:40:00-04:00,4093.25,4096.45,5,False,full_stop,entry5@4093.25|sl_x5,2014-09-09 13:45:00-04:00,-327.5,320.0,monthly_2_high,monthly_2,4083.5,9.75
monthly_2_high_2015-07-29,nq_monthly_2_wick25,2015-07-29,Short,10.0,2015-07-29 10:39:00-04:00,4562.0,4564.0,5,False,full_stop,entry5@4562.00|sl_x5,2015-07-29 10:40:00-04:00,-207.5,200.0,monthly_2_high,monthly_2,4555.25,6.75
monthly_2_low_2015-08-21,nq_monthly_2_wick25,2015-08-21,Long,32.25,2015-08-21 10:35:00-04:00,4315.75,4309.3,5,False,full_stop,entry5@4315.75|sl_x5,2015-08-21 10:37:00-04:00,-652.5,645.0,monthly_2_low,monthly_2,4334.5,18.75
monthly_2_high_2015-12-02,nq_monthly_2_wick25,2015-12-02,Short,17.0,2015-12-02 09:58:00-05:00,4734.5,4737.9,5,False,full_stop,entry5@4734.50|sl_x5,2015-12-02 10:00:00-05:00,-347.5,340.0,monthly_2_high,monthly_2,4729.5,5.0
monthly_2_high_2017-03-01,nq_monthly_2_wick25,2017-03-01,Short,13.0,2017-03-01 09:56:00-05:00,5363.25,5365.85,5,False,full_stop,entry5@5363.25|sl_x5,2017-03-01 10:00:00-05:00,-267.5,260.0,monthly_2_high,monthly_2,5359.5,3.75
monthly_2_high_2017-03-03,nq_monthly_2_wick25,2017-03-03,Short,9.5,2017-03-03 12:32:00-05:00,5364.5,5366.4,5,False,full_stop,entry5@5364.50|sl_x5,2017-03-03 13:04:00-05:00,-197.5,190.0,monthly_2_high,monthly_2,5359.5,5.0
monthly_2_high_2017-07-19,nq_monthly_2_wick25,2017-07-19,Short,17.0,2017-07-19 11:15:00-04:00,5912.0,5915.4,5,False,full_stop,entry5@5912.00|sl_x5,2017-07-19 11:35:00-04:00,-347.5,340.0,monthly_2_high,monthly_2,5907.5,4.5
monthly_2_low_2018-10-18,nq_monthly_2_wick25,2018-10-18,Long,43.75,2018-10-18 11:18:00-04:00,7210.25,7201.5,5,False,full_stop,entry5@7210.25|sl_x5,2018-10-18 11:20:00-04:00,-882.5,875.0,monthly_2_low,monthly_2,7224.75,14.5
monthly_2_high_2020-06-01,nq_monthly_2_wick25,2020-06-01,Short,53.25,2020-06-01 12:45:00-04:00,9585.0,9595.65,5,False,full_stop,entry5@9585.00|sl_x5,2020-06-01 13:06:00-04:00,-1072.5,1065.0,monthly_2_high,monthly_2,9571.5,13.5
monthly_2_high_2020-09-03,nq_monthly_2_wick25,2020-09-03,Short,109.5,2020-09-03 10:01:00-04:00,12194.0,12215.9,5,True,runner_tp,entry5@12194.00|scale4@opp|runner_tp,2020-09-03 10:37:00-04:00,8282.5,2190.0,monthly_2_high,monthly_2,12165.0,29.0
monthly_2_high_2021-01-13,nq_monthly_2_wick25,2021-01-13,Short,52.0,2021-01-13 10:34:00-05:00,12945.5,12955.9,5,False,full_stop,entry5@12945.50|sl_x5,2021-01-13 10:39:00-05:00,-1047.5,1040.0,monthly_2_high,monthly_2,12918.25,27.25
monthly_2_high_2021-02-05,nq_monthly_2_wick25,2021-02-05,Short,48.75,2021-02-05 12:03:00-05:00,13580.25,13590.0,5,False,full_stop,entry5@13580.25|sl_x5,2021-02-05 12:11:00-05:00,-982.5,975.0,monthly_2_high,monthly_2,13554.5,25.75
monthly_2_high_2021-09-07,nq_monthly_2_wick25,2021-09-07,Short,43.25,2021-09-07 10:33:00-04:00,15655.5,15664.15,5,False,full_stop,entry5@15655.50|sl_x5,2021-09-07 10:41:00-04:00,-872.5,865.0,monthly_2_high,monthly_2,15617.75,37.75
monthly_2_high_2023-02-17,nq_monthly_2_wick25,2023-02-17,Short,77.5,2023-02-17 10:03:00-05:00,12350.5,12366.0,5,True,runner_sl,entry5@12350.50|scale4@opp|sl_x1,2023-02-17 10:04:00-05:00,332.5,1550.0,monthly_2_high,monthly_2,12308.5,42.0
monthly_2_high_2024-02-14,nq_monthly_2_wick25,2024-02-14,Short,76.0,2024-02-14 10:19:00-05:00,17815.5,17830.7,5,False,full_stop,entry5@17815.50|sl_x5,2024-02-14 10:20:00-05:00,-1527.5,1520.0,monthly_2_high,monthly_2,17793.5,22.0
monthly_2_high_2024-02-16,nq_monthly_2_wick25,2024-02-16,Short,52.5,2024-02-16 14:02:00-05:00,17895.75,17906.25,5,True,runner_tp,entry5@17895.75|scale4@opp|runner_tp,2024-02-16 14:47:00-05:00,2867.5,1050.0,monthly_2_high,monthly_2,17793.5,102.25
monthly_2_high_2024-05-21,nq_monthly_2_wick25,2024-05-21,Short,36.0,2024-05-21 10:03:00-04:00,18719.75,18726.95,5,False,full_stop,entry5@18719.75|sl_x5,2024-05-21 10:25:00-04:00,-727.5,720.0,monthly_2_high,monthly_2,18709.0,10.75
monthly_2_high_2024-07-03,nq_monthly_2_wick25,2024-07-03,Short,51.5,2024-07-03 10:43:00-04:00,20300.0,20310.3,5,False,full_stop,entry5@20300.00|sl_x5,2024-07-03 10:46:00-04:00,-1037.5,1030.0,monthly_2_high,monthly_2,20273.25,26.75
monthly_2_low_2024-08-07,nq_monthly_2_wick25,2024-08-07,Long,102.0,2024-08-07 11:44:00-04:00,18405.75,18385.35,5,False,full_stop,entry5@18405.75|sl_x5,2024-08-07 11:45:00-04:00,-2047.5,2040.0,monthly_2_low,monthly_2,18435.75,30.0
monthly_2_high_2024-12-30,nq_monthly_2_wick25,2024-12-30,Short,106.5,2024-12-30 10:39:00-05:00,21365.25,21386.55,5,False,full_stop,entry5@21365.25|sl_x5,2024-12-30 10:45:00-05:00,-2137.5,2130.0,monthly_2_high,monthly_2,21292.75,72.5
monthly_2_high_2025-08-11,nq_monthly_2_wick25,2025-08-11,Short,57.5,2025-08-11 12:01:00-04:00,23767.5,23779.0,5,False,full_stop,entry5@23767.50|sl_x5,2025-08-11 12:07:00-04:00,-1157.5,1150.0,monthly_2_high,monthly_2,23752.0,15.5
monthly_2_high_2025-08-18,nq_monthly_2_wick25,2025-08-18,Short,49.25,2025-08-18 10:24:00-04:00,23804.75,23814.6,5,False,full_stop,entry5@23804.75|sl_x5,2025-08-18 10:24:00-04:00,-992.5,985.0,monthly_2_high,monthly_2,23752.0,52.75
monthly_2_high_2010-11-29,nq_all_families,2010-11-29,Short,11.5,2010-11-29 15:17:00-05:00,2145.75,2148.05,5,False,full_stop,entry5@2145.75|sl_x5,2010-11-29 15:20:00-05:00,-237.5,230.0,monthly_2_high,monthly_2,2135.5,10.25
daily_3_high_2010-12-13,nq_all_families,2010-12-13,Short,8.25,2010-12-13 10:31:00-05:00,2221.75,2223.4,5,False,full_stop,entry5@2221.75|sl_x5,2010-12-13 10:55:00-05:00,-172.5,165.0,daily_3_high,daily_3,2216.75,5.0
weekly_4_high_2010-12-13,nq_all_families,2010-12-13,Short,8.25,2010-12-13 10:31:00-05:00,2221.75,2223.4,5,False,full_stop,entry5@2221.75|sl_x5,2010-12-13 10:55:00-05:00,-172.5,165.0,weekly_4_high,weekly_4,2216.75,5.0
weekly_4_high_2010-12-14,nq_all_families,2010-12-14,Short,7.5,2010-12-14 13:47:00-05:00,2219.25,2220.75,5,True,eod,entry5@2219.25|scale4@opp|eod_x1,2010-12-14 15:59:00-05:00,1062.5,150.0,weekly_4_high,weekly_4,2216.75,2.5
monthly_2_high_2010-12-16,nq_all_families,2010-12-16,Short,6.0,2010-12-16 10:21:00-05:00,2208.75,2209.95,5,False,full_stop,entry5@2208.75|sl_x5,2010-12-16 11:10:00-05:00,-127.5,120.0,monthly_2_high,monthly_2,2198.0,10.75
daily_3_high_2010-12-21,nq_all_families,2010-12-21,Short,8.0,2010-12-21 10:54:00-05:00,2231.75,2233.35,5,False,full_stop,entry5@2231.75|sl_x5,2010-12-21 12:21:00-05:00,-167.5,160.0,daily_3_high,daily_3,2230.0,1.75
daily_3_high_2011-01-06,nq_all_families,2011-01-06,Short,4.25,2011-01-06 10:02:00-05:00,2274.0,2274.85,5,False,full_stop,entry5@2274.00|sl_x5,2011-01-06 10:02:00-05:00,-92.5,85.0,daily_3_high,daily_3,2270.25,3.75
daily_3_high_2011-01-07,nq_all_families,2011-01-07,Short,10.5,2011-01-07 10:30:00-05:00,2280.25,2282.35,5,True,runner_tp,entry5@2280.25|scale4@opp|runner_tp,2011-01-07 12:45:00-05:00,1077.5,210.0,daily_3_high,daily_3,2278.5,1.75
daily_3_high_2011-01-11,nq_all_families,2011-01-11,Short,7.25,2011-01-11 10:03:00-05:00,2289.5,2290.95,5,True,runner_sl,entry5@2289.50|scale4@opp|sl_x1,2011-01-11 10:28:00-05:00,172.5,145.0,daily_3_high,daily_3,2287.0,2.5
daily_3_high_2011-02-04,nq_all_families,2011-02-04,Short,8.75,2011-02-04 13:12:00-05:00,2330.5,2332.25,5,False,full_stop,entry5@2330.50|sl_x5,2011-02-04 13:13:00-05:00,-182.5,175.0,daily_3_high,daily_3,2328.25,2.25
daily_3_high_2011-03-03,nq_all_families,2011-03-03,Short,13.25,2011-03-03 10:29:00-05:00,2365.0,2367.65,5,False,full_stop,entry5@2365.00|sl_x5,2011-03-03 10:46:00-05:00,-272.5,265.0,daily_3_high,daily_3,2363.0,2.0
daily_3_high_2011-03-30,nq_all_families,2011-03-30,Short,6.75,2011-03-30 12:14:00-04:00,2334.0,2335.35,5,False,full_stop,entry5@2334.00|sl_x5,2011-03-30 12:15:00-04:00,-142.5,135.0,daily_3_high,daily_3,2329.75,4.25
daily_3_high_2011-04-25,nq_all_families,2011-04-25,Short,5.0,2011-04-25 10:00:00-04:00,2381.0,2382.0,5,True,runner_sl,entry5@2381.00|scale4@opp|sl_x1,2011-04-25 14:20:00-04:00,592.5,100.0,daily_3_high,daily_3,2379.25,1.75
weekly_4_high_2011-04-25,nq_all_families,2011-04-25,Short,5.0,2011-04-25 10:00:00-04:00,2381.0,2382.0,5,True,runner_sl,entry5@2381.00|scale4@opp|sl_x1,2011-04-25 14:20:00-04:00,592.5,100.0,weekly_4_high,weekly_4,2379.25,1.75
monthly_2_high_2011-04-29,nq_all_families,2011-04-29,Short,5.75,2011-04-29 13:04:00-04:00,2409.25,2410.4,5,False,full_stop,entry5@2409.25|sl_x5,2011-04-29 13:04:00-04:00,-122.5,115.0,monthly_2_high,monthly_2,2403.0,6.25
daily_3_high_2011-05-27,nq_all_families,2011-05-27,Short,2.75,2011-05-27 10:26:00-04:00,2332.5,2333.05,5,False,full_stop,entry5@2332.50|sl_x5,2011-05-27 10:26:00-04:00,-62.5,55.0,daily_3_high,daily_3,2331.0,1.5
daily_3_high_2011-11-29,nq_all_families,2011-11-29,Short,12.0,2011-11-29 10:17:00-05:00,2237.75,2240.15,5,False,full_stop,entry5@2237.75|sl_x5,2011-11-29 10:18:00-05:00,-247.5,240.0,daily_3_high,daily_3,2228.0,9.75
daily_3_low_2011-12-12,nq_all_families,2011-12-12,Long,11.0,2011-12-12 10:19:00-05:00,2275.5,2273.3,5,False,full_stop,entry5@2275.50|sl_x5,2011-12-12 10:20:00-05:00,-227.5,220.0,daily_3_low,daily_3,2277.75,2.25
daily_3_high_2011-12-20,nq_all_families,2011-12-20,Short,17.25,2011-12-20 10:54:00-05:00,2266.75,2270.2,5,False,full_stop,entry5@2266.75|sl_x5,2011-12-20 11:07:00-05:00,-352.5,345.0,daily_3_high,daily_3,2264.25,2.5
weekly_4_high_2012-01-06,nq_all_families,2012-01-06,Short,9.0,2012-01-06 10:43:00-05:00,2346.75,2348.55,5,False,full_stop,entry5@2346.75|sl_x5,2012-01-06 10:46:00-05:00,-187.5,180.0,weekly_4_high,weekly_4,2343.75,3.0
weekly_4_high_2012-01-11,nq_all_families,2012-01-11,Short,7.0,2012-01-11 10:38:00-05:00,2368.75,2370.15,5,False,full_stop,entry5@2368.75|sl_x5,2012-01-11 10:40:00-05:00,-147.5,140.0,weekly_4_high,weekly_4,2358.75,10.0
monthly_2_high_2012-01-18,nq_all_families,2012-01-18,Short,8.5,2012-01-18 10:03:00-05:00,2402.25,2403.95,5,False,full_stop,entry5@2402.25|sl_x5,2012-01-18 10:04:00-05:00,-177.5,170.0,monthly_2_high,monthly_2,2399.5,2.75
weekly_4_high_2012-01-25,nq_all_families,2012-01-25,Short,16.0,2012-01-25 10:20:00-05:00,2446.0,2449.2,5,True,runner_sl,entry5@2446.00|scale4@opp|sl_x1,2012-01-25 11:05:00-05:00,472.5,320.0,weekly_4_high,weekly_4,2442.5,3.5
daily_3_low_2012-01-30,nq_all_families,2012-01-30,Long,10.25,2012-01-30 10:06:00-05:00,2432.75,2430.7,5,False,full_stop,entry5@2432.75|sl_x5,2012-01-30 10:13:00-05:00,-212.5,205.0,daily_3_low,daily_3,2436.75,4.0
daily_3_high_2012-02-01,nq_all_families,2012-02-01,Short,9.75,2012-02-01 10:47:00-05:00,2480.5,2482.45,5,False,full_stop,entry5@2480.50|sl_x5,2012-02-01 10:59:00-05:00,-202.5,195.0,daily_3_high,daily_3,2478.5,2.0
weekly_4_high_2012-02-01,nq_all_families,2012-02-01,Short,9.75,2012-02-01 10:25:00-05:00,2479.5,2481.45,5,False,full_stop,entry5@2479.50|sl_x5,2012-02-01 10:51:00-05:00,-202.5,195.0,weekly_4_high,weekly_4,2476.0,3.5
monthly_2_high_2012-02-01,nq_all_families,2012-02-01,Short,9.75,2012-02-01 10:47:00-05:00,2480.5,2482.45,5,False,full_stop,entry5@2480.50|sl_x5,2012-02-01 10:59:00-05:00,-202.5,195.0,monthly_2_high,monthly_2,2478.5,2.0
weekly_4_high_2012-02-14,nq_all_families,2012-02-14,Short,5.25,2012-02-14 15:49:00-05:00,2568.75,2569.8,5,False,full_stop,entry5@2568.75|sl_x5,2012-02-14 15:49:00-05:00,-112.5,105.0,weekly_4_high,weekly_4,2565.0,3.75
daily_3_high_2012-02-28,nq_all_families,2012-02-28,Short,9.0,2012-02-28 10:22:00-05:00,2623.25,2625.05,5,False,full_stop,entry5@2623.25|sl_x5,2012-02-28 10:30:00-05:00,-187.5,180.0,daily_3_high,daily_3,2616.75,6.5
daily_3_high_2012-03-21,nq_all_families,2012-03-21,Short,7.5,2012-03-21 12:20:00-04:00,2742.0,2743.5,5,False,full_stop,entry5@2742.00|sl_x5,2012-03-21 12:40:00-04:00,-157.5,150.0,daily_3_high,daily_3,2736.5,5.5
daily_3_low_2012-05-02,nq_all_families,2012-05-02,Long,13.75,2012-05-02 10:16:00-04:00,2707.0,2704.25,5,False,full_stop,entry5@2707.00|sl_x5,2012-05-02 10:30:00-04:00,-282.5,275.0,daily_3_low,daily_3,2710.5,3.5
daily_3_low_2012-05-07,nq_all_families,2012-05-07,Long,20.5,2012-05-07 10:13:00-04:00,2630.0,2625.9,5,True,runner_sl,entry5@2630.00|scale4@opp|sl_x1,2012-05-07 10:29:00-04:00,552.5,410.0,daily_3_low,daily_3,2633.0,3.0
daily_3_low_2012-05-18,nq_all_families,2012-05-18,Long,19.5,2012-05-18 10:01:00-04:00,2501.5,2497.6,5,True,runner_sl,entry5@2501.50|scale4@opp|sl_x1,2012-05-18 11:32:00-04:00,1292.5,390.0,daily_3_low,daily_3,2507.25,5.75
daily_3_low_2012-06-12,nq_all_families,2012-06-12,Long,12.25,2012-06-12 10:39:00-04:00,2505.25,2502.8,5,True,runner_tp,entry5@2505.25|scale4@opp|runner_tp,2012-06-12 15:44:00-04:00,2612.5,245.0,daily_3_low,daily_3,2508.25,3.0
daily_3_low_2012-08-23,nq_all_families,2012-08-23,Long,9.5,2012-08-23 13:25:00-04:00,2754.75,2752.85,5,True,eod,entry5@2754.75|scale4@opp|eod_x1,2012-08-23 15:59:00-04:00,1572.5,190.0,daily_3_low,daily_3,2759.0,4.25
daily_3_low_2012-09-24,nq_all_families,2012-09-24,Long,11.75,2012-09-24 10:13:00-04:00,2835.25,2832.9,5,True,runner_sl,entry5@2835.25|scale4@opp|sl_x1,2012-09-24 10:14:00-04:00,212.5,235.0,daily_3_low,daily_3,2837.25,2.0
daily_3_high_2012-10-04,nq_all_families,2012-10-04,Short,10.5,2012-10-04 15:17:00-04:00,2826.5,2828.6,5,False,full_stop,entry5@2826.50|sl_x5,2012-10-04 15:18:00-04:00,-217.5,210.0,daily_3_high,daily_3,2822.5,4.0
daily_3_low_2012-10-08,nq_all_families,2012-10-08,Long,11.5,2012-10-08 10:23:00-04:00,2785.5,2783.2,5,False,full_stop,entry5@2785.50|sl_x5,2012-10-08 10:27:00-04:00,-237.5,230.0,daily_3_low,daily_3,2790.5,5.0
daily_3_high_2012-10-16,nq_all_families,2012-10-16,Short,7.0,2012-10-16 10:07:00-04:00,2746.25,2747.65,5,False,full_stop,entry5@2746.25|sl_x5,2012-10-16 10:16:00-04:00,-147.5,140.0,daily_3_high,daily_3,2744.75,1.5
daily_3_high_2012-10-17,nq_all_families,2012-10-17,Short,10.75,2012-10-17 12:24:00-04:00,2778.75,2780.9,5,False,eod,entry5@2778.75|eod_x5,2012-10-17 15:59:00-04:00,867.5,215.0,daily_3_high,daily_3,2774.75,4.0
daily_3_low_2012-10-23,nq_all_families,2012-10-23,Long,8.75,2012-10-23 10:32:00-04:00,2659.0,2657.25,5,False,full_stop,entry5@2659.00|sl_x5,2012-10-23 10:33:00-04:00,-182.5,175.0,daily_3_low,daily_3,2664.75,5.75
daily_3_low_2012-11-13,nq_all_families,2012-11-13,Long,13.5,2012-11-13 15:41:00-05:00,2563.75,2561.05,5,False,full_stop,entry5@2563.75|sl_x5,2012-11-13 15:45:00-05:00,-277.5,270.0,daily_3_low,daily_3,2568.75,5.0
weekly_4_low_2012-11-13,nq_all_families,2012-11-13,Long,13.5,2012-11-13 15:41:00-05:00,2563.75,2561.05,5,False,full_stop,entry5@2563.75|sl_x5,2012-11-13 15:45:00-05:00,-277.5,270.0,weekly_4_low,weekly_4,2568.75,5.0
weekly_4_low_2012-11-14,nq_all_families,2012-11-14,Long,5.75,2012-11-14 10:16:00-05:00,2564.5,2563.35,5,False,full_stop,entry5@2564.50|sl_x5,2012-11-14 10:16:00-05:00,-122.5,115.0,weekly_4_low,weekly_4,2568.75,4.25
daily_3_high_2012-11-21,nq_all_families,2012-11-21,Short,10.0,2012-11-21 12:44:00-05:00,2600.75,2602.75,5,False,eod,entry5@2600.75|eod_x5,2012-11-21 15:59:00-05:00,242.5,200.0,daily_3_high,daily_3,2596.75,4.0
monthly_2_high_2013-03-18,nq_all_families,2013-03-18,Short,14.5,2013-03-18 10:36:00-04:00,2785.5,2788.4,5,False,full_stop,entry5@2785.50|sl_x5,2013-03-18 12:00:00-04:00,-297.5,290.0,monthly_2_high,monthly_2,2783.25,2.25
daily_3_high_2013-04-02,nq_all_families,2013-04-02,Short,11.25,2013-04-02 10:47:00-04:00,2819.75,2822.0,5,False,full_stop,entry5@2819.75|sl_x5,2013-04-02 10:48:00-04:00,-232.5,225.0,daily_3_high,daily_3,2815.75,4.0
daily_3_low_2013-04-04,nq_all_families,2013-04-04,Long,9.25,2013-04-04 12:05:00-04:00,2778.0,2776.15,5,False,full_stop,entry5@2778.00|sl_x5,2013-04-04 12:08:00-04:00,-192.5,185.0,daily_3_low,daily_3,2780.25,2.25
weekly_4_high_2013-04-30,nq_all_families,2013-04-30,Short,7.5,2013-04-30 10:43:00-04:00,2864.75,2866.25,5,False,full_stop,entry5@2864.75|sl_x5,2013-04-30 10:43:00-04:00,-157.5,150.0,weekly_4_high,weekly_4,2858.5,6.25
monthly_2_high_2013-05-02,nq_all_families,2013-05-02,Short,16.25,2013-05-02 10:00:00-04:00,2886.0,2889.25,5,False,full_stop,entry5@2886.00|sl_x5,2013-05-02 10:14:00-04:00,-332.5,325.0,monthly_2_high,monthly_2,2882.25,3.75
daily_3_high_2013-05-07,nq_all_families,2013-05-07,Short,5.5,2013-05-07 10:00:00-04:00,2956.75,2957.85,5,True,runner_tp,entry5@2956.75|scale4@opp|runner_tp,2013-05-07 10:11:00-04:00,727.5,110.0,daily_3_high,daily_3,2954.0,2.75
daily_3_high_2013-05-08,nq_all_families,2013-05-08,Short,7.0,2013-05-08 10:29:00-04:00,2958.5,2959.9,5,False,full_stop,entry5@2958.50|sl_x5,2013-05-08 10:35:00-04:00,-147.5,140.0,daily_3_high,daily_3,2956.75,1.75
daily_3_high_2013-05-13,nq_all_families,2013-05-13,Short,8.25,2013-05-13 11:50:00-04:00,2981.5,2983.15,5,False,full_stop,entry5@2981.50|sl_x5,2013-05-13 11:50:00-04:00,-172.5,165.0,daily_3_high,daily_3,2978.25,3.25
weekly_4_high_2013-05-13,nq_all_families,2013-05-13,Short,8.25,2013-05-13 11:50:00-04:00,2981.5,2983.15,5,False,full_stop,entry5@2981.50|sl_x5,2013-05-13 11:50:00-04:00,-172.5,165.0,weekly_4_high,weekly_4,2978.25,3.25
daily_3_high_2013-05-20,nq_all_families,2013-05-20,Short,8.75,2013-05-20 11:35:00-04:00,3030.5,3032.25,5,True,eod,entry5@3030.50|scale4@opp|eod_x1,2013-05-20 15:59:00-04:00,1197.5,175.0,daily_3_high,daily_3,3028.25,2.25
weekly_4_high_2013-05-20,nq_all_families,2013-05-20,Short,8.75,2013-05-20 11:35:00-04:00,3030.5,3032.25,5,True,eod,entry5@3030.50|scale4@opp|eod_x1,2013-05-20 15:59:00-04:00,1197.5,175.0,weekly_4_high,weekly_4,3028.25,2.25
daily_3_low_2013-06-03,nq_all_families,2013-06-03,Long,11.5,2013-06-03 10:02:00-04:00,2969.5,2967.2,5,False,full_stop,entry5@2969.50|sl_x5,2013-06-03 10:40:00-04:00,-237.5,230.0,daily_3_low,daily_3,2978.25,8.75
daily_3_high_2013-06-10,nq_all_families,2013-06-10,Short,7.5,2013-06-10 10:35:00-04:00,2995.5,2997.0,5,False,full_stop,entry5@2995.50|sl_x5,2013-06-10 10:36:00-04:00,-157.5,150.0,daily_3_high,daily_3,2992.0,3.5
daily_3_high_2013-07-05,nq_all_families,2013-07-05,Short,11.75,2013-07-05 14:31:00-04:00,2956.75,2959.1,5,False,eod,entry5@2956.75|eod_x5,2013-07-05 15:59:00-04:00,42.5,235.0,daily_3_high,daily_3,2949.0,7.75
daily_3_high_2013-07-31,nq_all_families,2013-07-31,Short,11.0,2013-07-31 14:36:00-04:00,3097.0,3099.2,5,False,full_stop,entry5@3097.00|sl_x5,2013-07-31 14:41:00-04:00,-227.5,220.0,daily_3_high,daily_3,3094.75,2.25
weekly_4_high_2013-08-14,nq_all_families,2013-08-14,Short,10.25,2013-08-14 10:02:00-04:00,3142.5,3144.55,5,True,eod,entry5@3142.50|scale4@opp|eod_x1,2013-08-14 15:59:00-04:00,992.5,205.0,weekly_4_high,weekly_4,3140.25,2.25
daily_3_high_2013-09-20,nq_all_families,2013-09-20,Short,6.5,2013-09-20 10:37:00-04:00,3239.25,3240.55,5,False,full_stop,entry5@3239.25|sl_x5,2013-09-20 10:42:00-04:00,-137.5,130.0,daily_3_high,daily_3,3237.75,1.5
daily_3_low_2013-12-12,nq_all_families,2013-12-12,Long,7.75,2013-12-12 12:01:00-05:00,3462.75,3461.2,5,False,full_stop,entry5@3462.75|sl_x5,2013-12-12 12:22:00-05:00,-162.5,155.0,daily_3_low,daily_3,3464.5,1.75
daily_3_low_2013-12-13,nq_all_families,2013-12-13,Long,9.25,2013-12-13 10:24:00-05:00,3454.25,3452.4,5,False,full_stop,entry5@3454.25|sl_x5,2013-12-13 11:49:00-05:00,-192.5,185.0,daily_3_low,daily_3,3458.0,3.75
daily_3_high_2013-12-24,nq_all_families,2013-12-24,Short,7.25,2013-12-24 12:39:00-05:00,3568.75,3570.2,5,False,full_stop,entry5@3568.75|sl_x5,2013-12-24 12:59:00-05:00,-152.5,145.0,daily_3_high,daily_3,3566.75,2.0
daily_3_low_2014-01-02,nq_all_families,2014-01-02,Long,15.0,2014-01-02 13:31:00-05:00,3552.25,3549.25,5,False,full_stop,entry5@3552.25|sl_x5,2014-01-02 14:20:00-05:00,-307.5,300.0,daily_3_low,daily_3,3556.0,3.75
weekly_4_high_2014-01-17,nq_all_families,2014-01-17,Short,8.5,2014-01-17 10:26:00-05:00,3596.0,3597.7,5,False,full_stop,entry5@3596.00|sl_x5,2014-01-17 10:55:00-05:00,-177.5,170.0,weekly_4_high,weekly_4,3589.0,7.0
monthly_2_high_2014-01-17,nq_all_families,2014-01-17,Short,8.5,2014-01-17 10:26:00-05:00,3596.0,3597.7,5,False,full_stop,entry5@3596.00|sl_x5,2014-01-17 10:55:00-05:00,-177.5,170.0,monthly_2_high,monthly_2,3589.0,7.0
daily_3_low_2014-01-24,nq_all_families,2014-01-24,Long,21.0,2014-01-24 10:31:00-05:00,3572.5,3568.3,5,False,full_stop,entry5@3572.50|sl_x5,2014-01-24 10:41:00-05:00,-427.5,420.0,daily_3_low,daily_3,3579.5,7.0
weekly_4_low_2014-01-28,nq_all_families,2014-01-28,Long,14.25,2014-01-28 11:18:00-05:00,3488.75,3485.9,5,False,full_stop,entry5@3488.75|sl_x5,2014-01-28 11:24:00-05:00,-292.5,285.0,weekly_4_low,weekly_4,3492.5,3.75
daily_3_high_2014-02-13,nq_all_families,2014-02-13,Short,15.75,2014-02-13 10:51:00-05:00,3635.0,3638.15,5,False,full_stop,entry5@3635.00|sl_x5,2014-02-13 10:52:00-05:00,-322.5,315.0,daily_3_high,daily_3,3633.5,1.5
weekly_4_high_2014-02-13,nq_all_families,2014-02-13,Short,15.75,2014-02-13 10:16:00-05:00,3630.0,3633.15,5,False,full_stop,entry5@3630.00|sl_x5,2014-02-13 10:16:00-05:00,-322.5,315.0,weekly_4_high,weekly_4,3628.0,2.0
monthly_2_high_2014-02-13,nq_all_families,2014-02-13,Short,15.75,2014-02-13 10:16:00-05:00,3630.0,3633.15,5,False,full_stop,entry5@3630.00|sl_x5,2014-02-13 10:16:00-05:00,-322.5,315.0,monthly_2_high,monthly_2,3628.0,2.0
daily_3_high_2014-02-18,nq_all_families,2014-02-18,Short,9.75,2014-02-18 10:21:00-05:00,3675.0,3676.95,5,False,full_stop,entry5@3675.00|sl_x5,2014-02-18 10:25:00-05:00,-202.5,195.0,daily_3_high,daily_3,3668.0,7.0
weekly_4_high_2014-02-18,nq_all_families,2014-02-18,Short,9.75,2014-02-18 10:21:00-05:00,3675.0,3676.95,5,False,full_stop,entry5@3675.00|sl_x5,2014-02-18 10:25:00-05:00,-202.5,195.0,weekly_4_high,weekly_4,3668.0,7.0
weekly_4_high_2014-02-19,nq_all_families,2014-02-19,Short,10.25,2014-02-19 10:28:00-05:00,3675.25,3677.3,5,False,full_stop,entry5@3675.25|sl_x5,2014-02-19 10:32:00-05:00,-212.5,205.0,weekly_4_high,weekly_4,3668.0,7.25
weekly_4_high_2014-02-26,nq_all_families,2014-02-26,Short,7.75,2014-02-26 10:22:00-05:00,3692.75,3694.3,5,False,full_stop,entry5@3692.75|sl_x5,2014-02-26 10:24:00-05:00,-162.5,155.0,weekly_4_high,weekly_4,3686.75,6.0
daily_3_high_2014-03-05,nq_all_families,2014-03-05,Short,6.5,2014-03-05 10:25:00-05:00,3724.75,3726.05,5,False,full_stop,entry5@3724.75|sl_x5,2014-03-05 10:26:00-05:00,-137.5,130.0,daily_3_high,daily_3,3723.25,1.5
weekly_4_high_2014-03-05,nq_all_families,2014-03-05,Short,6.5,2014-03-05 10:25:00-05:00,3724.75,3726.05,5,False,full_stop,entry5@3724.75|sl_x5,2014-03-05 10:26:00-05:00,-137.5,130.0,weekly_4_high,weekly_4,3722.5,2.25
monthly_2_high_2014-03-05,nq_all_families,2014-03-05,Short,6.5,2014-03-05 10:25:00-05:00,3724.75,3726.05,5,False,full_stop,entry5@3724.75|sl_x5,2014-03-05 10:26:00-05:00,-137.5,130.0,monthly_2_high,monthly_2,3722.5,2.25
daily_3_low_2014-03-07,nq_all_families,2014-03-07,Long,20.0,2014-03-07 11:02:00-05:00,3697.25,3693.25,5,False,full_stop,entry5@3697.25|sl_x5,2014-03-07 11:02:00-05:00,-407.5,400.0,daily_3_low,daily_3,3706.0,8.75
daily_3_low_2014-03-14,nq_all_families,2014-03-14,Long,16.5,2014-03-14 10:55:00-04:00,3631.25,3627.95,5,False,full_stop,entry5@3631.25|sl_x5,2014-03-14 10:59:00-04:00,-337.5,330.0,daily_3_low,daily_3,3636.25,5.0
daily_3_low_2014-04-07,nq_all_families,2014-04-07,Long,21.25,2014-04-07 12:09:00-04:00,3499.0,3494.75,5,False,full_stop,entry5@3499.00|sl_x5,2014-04-07 12:13:00-04:00,-432.5,425.0,daily_3_low,daily_3,3522.75,23.75
weekly_4_low_2014-04-07,nq_all_families,2014-04-07,Long,21.25,2014-04-07 12:09:00-04:00,3499.0,3494.75,5,False,full_stop,entry5@3499.00|sl_x5,2014-04-07 12:13:00-04:00,-432.5,425.0,weekly_4_low,weekly_4,3522.75,23.75
daily_3_low_2014-04-11,nq_all_families,2014-04-11,Long,34.25,2014-04-11 10:04:00-04:00,3462.25,3455.4,5,False,full_stop,entry5@3462.25|sl_x5,2014-04-11 10:09:00-04:00,-692.5,685.0,daily_3_low,daily_3,3470.25,8.0
daily_3_high_2014-04-16,nq_all_families,2014-04-16,Short,16.5,2014-04-16 12:00:00-04:00,3506.75,3510.05,5,False,full_stop,entry5@3506.75|sl_x5,2014-04-16 12:02:00-04:00,-337.5,330.0,daily_3_high,daily_3,3498.5,8.25
daily_3_high_2014-05-13,nq_all_families,2014-05-13,Short,12.0,2014-05-13 10:14:00-04:00,3620.75,3623.15,5,False,full_stop,entry5@3620.75|sl_x5,2014-05-13 10:39:00-04:00,-247.5,240.0,daily_3_high,daily_3,3610.25,10.5
daily_3_high_2014-06-05,nq_all_families,2014-06-05,Short,13.25,2014-06-05 11:05:00-04:00,3753.25,3755.9,5,False,full_stop,entry5@3753.25|sl_x5,2014-06-05 11:19:00-04:00,-272.5,265.0,daily_3_high,daily_3,3749.25,4.0
weekly_4_high_2014-06-10,nq_all_families,2014-06-10,Short,11.0,2014-06-10 10:28:00-04:00,3799.5,3801.7,5,False,full_stop,entry5@3799.50|sl_x5,2014-06-10 11:11:00-04:00,-227.5,220.0,weekly_4_high,weekly_4,3796.0,3.5
weekly_4_high_2014-06-11,nq_all_families,2014-06-11,Short,11.25,2014-06-11 10:05:00-04:00,3800.5,3802.75,5,False,full_stop,entry5@3800.50|sl_x5,2014-06-11 10:23:00-04:00,-232.5,225.0,weekly_4_high,weekly_4,3796.0,4.5
weekly_4_high_2014-07-14,nq_all_families,2014-07-14,Short,7.0,2014-07-14 10:37:00-04:00,3920.0,3921.4,5,False,full_stop,entry5@3920.00|sl_x5,2014-07-14 10:46:00-04:00,-147.5,140.0,weekly_4_high,weekly_4,3918.0,2.0
daily_3_low_2014-08-01,nq_all_families,2014-08-01,Long,17.75,2014-08-01 10:55:00-04:00,3878.25,3874.7,5,False,full_stop,entry5@3878.25|sl_x5,2014-08-01 10:56:00-04:00,-362.5,355.0,daily_3_low,daily_3,3881.75,3.5
weekly_4_high_2014-08-28,nq_all_families,2014-08-28,Short,6.25,2014-08-28 10:48:00-04:00,4064.5,4065.75,5,False,full_stop,entry5@4064.50|sl_x5,2014-08-28 10:49:00-04:00,-132.5,125.0,weekly_4_high,weekly_4,4061.0,3.5
monthly_2_high_2014-09-09,nq_all_families,2014-09-09,Short,16.0,2014-09-09 13:40:00-04:00,4093.25,4096.45,5,False,full_stop,entry5@4093.25|sl_x5,2014-09-09 13:45:00-04:00,-327.5,320.0,monthly_2_high,monthly_2,4083.5,9.75
daily_3_low_2014-10-01,nq_all_families,2014-10-01,Long,21.25,2014-10-01 12:45:00-04:00,3991.75,3987.5,5,False,full_stop,entry5@3991.75|sl_x5,2014-10-01 12:49:00-04:00,-432.5,425.0,daily_3_low,daily_3,4000.25,8.5
weekly_4_high_2014-10-30,nq_all_families,2014-10-30,Short,17.75,2014-10-30 12:30:00-04:00,4082.75,4086.3,5,False,full_stop,entry5@4082.75|sl_x5,2014-10-30 13:16:00-04:00,-362.5,355.0,weekly_4_high,weekly_4,4064.75,18.0
weekly_4_high_2014-11-12,nq_all_families,2014-11-12,Short,9.5,2014-11-12 10:06:00-05:00,4178.25,4180.15,5,False,full_stop,entry5@4178.25|sl_x5,2014-11-12 10:08:00-05:00,-197.5,190.0,weekly_4_high,weekly_4,4175.0,3.25
daily_3_high_2014-12-18,nq_all_families,2014-12-18,Short,17.75,2014-12-18 13:20:00-05:00,4242.0,4245.55,5,False,full_stop,entry5@4242.00|sl_x5,2014-12-18 13:23:00-05:00,-362.5,355.0,daily_3_high,daily_3,4234.0,8.0
daily_3_high_2014-12-19,nq_all_families,2014-12-19,Short,15.5,2014-12-19 09:58:00-05:00,4267.25,4270.35,5,False,full_stop,entry5@4267.25|sl_x5,2014-12-19 09:59:00-05:00,-317.5,310.0,daily_3_high,daily_3,4262.25,5.0
weekly_4_low_2015-01-16,nq_all_families,2015-01-16,Long,31.25,2015-01-16 10:07:00-05:00,4077.25,4071.0,5,True,runner_tp,entry5@4077.25|scale4@opp|runner_tp,2015-01-16 15:51:00-05:00,3417.5,625.0,weekly_4_low,weekly_4,4082.0,4.75
daily_3_high_2015-01-22,nq_all_families,2015-01-22,Short,43.0,2015-01-22 10:36:00-05:00,4209.5,4218.1,5,False,full_stop,entry5@4209.50|sl_x5,2015-01-22 10:47:00-05:00,-867.5,860.0,daily_3_high,daily_3,4205.25,4.25
daily_3_high_2015-02-03,nq_all_families,2015-02-03,Short,18.0,2015-02-03 15:24:00-05:00,4212.0,4215.6,5,False,full_stop,entry5@4212.00|sl_x5,2015-02-03 15:42:00-05:00,-367.5,360.0,daily_3_high,daily_3,4203.25,8.75
weekly_4_high_2015-02-17,nq_all_families,2015-02-17,Short,12.25,2015-02-17 10:35:00-05:00,4383.5,4385.95,5,False,full_stop,entry5@4383.50|sl_x5,2015-02-17 13:19:00-05:00,-252.5,245.0,weekly_4_high,weekly_4,4382.0,1.5
daily_3_low_2015-03-11,nq_all_families,2015-03-11,Long,15.75,2015-03-11 10:33:00-04:00,4327.0,4323.85,5,False,full_stop,entry5@4327.00|sl_x5,2015-03-11 10:34:00-04:00,-322.5,315.0,daily_3_low,daily_3,4331.25,4.25
daily_3_high_2015-04-07,nq_all_families,2015-04-07,Short,21.25,2015-04-07 10:22:00-04:00,4363.5,4367.75,5,False,full_stop,entry5@4363.50|sl_x5,2015-04-07 10:30:00-04:00,-432.5,425.0,daily_3_high,daily_3,4354.75,8.75
daily_3_high_2015-04-09,nq_all_families,2015-04-09,Short,22.75,2015-04-09 14:58:00-04:00,4383.0,4387.55,5,False,full_stop,entry5@4383.00|sl_x5,2015-04-09 15:03:00-04:00,-462.5,455.0,daily_3_high,daily_3,4376.5,6.5
daily_3_high_2015-04-10,nq_all_families,2015-04-10,Short,13.75,2015-04-10 10:32:00-04:00,4403.0,4405.75,5,False,full_stop,entry5@4403.00|sl_x5,2015-04-10 10:37:00-04:00,-282.5,275.0,daily_3_high,daily_3,4398.75,4.25
daily_3_high_2015-05-22,nq_all_families,2015-05-22,Short,16.0,2015-05-22 10:39:00-04:00,4538.75,4541.95,5,False,full_stop,entry5@4538.75|sl_x5,2015-05-22 13:03:00-04:00,-327.5,320.0,daily_3_high,daily_3,4536.5,2.25
daily_3_low_2015-06-26,nq_all_families,2015-06-26,Long,18.0,2015-06-26 10:23:00-04:00,4497.5,4493.9,5,False,full_stop,entry5@4497.50|sl_x5,2015-06-26 10:48:00-04:00,-367.5,360.0,daily_3_low,daily_3,4500.0,2.5
weekly_4_low_2015-06-30,nq_all_families,2015-06-30,Long,15.0,2015-06-30 10:22:00-04:00,4383.25,4380.25,5,False,full_stop,entry5@4383.25|sl_x5,2015-06-30 10:48:00-04:00,-307.5,300.0,weekly_4_low,weekly_4,4386.5,3.25
monthly_2_high_2015-07-29,nq_all_families,2015-07-29,Short,10.0,2015-07-29 10:39:00-04:00,4562.0,4564.0,5,False,full_stop,entry5@4562.00|sl_x5,2015-07-29 10:40:00-04:00,-207.5,200.0,monthly_2_high,monthly_2,4555.25,6.75
daily_3_low_2015-08-07,nq_all_families,2015-08-07,Long,19.0,2015-08-07 11:15:00-04:00,4495.25,4491.45,5,False,full_stop,entry5@4495.25|sl_x5,2015-08-07 11:18:00-04:00,-387.5,380.0,daily_3_low,daily_3,4502.75,7.5
monthly_2_low_2015-08-21,nq_all_families,2015-08-21,Long,32.25,2015-08-21 10:35:00-04:00,4315.75,4309.3,5,False,full_stop,entry5@4315.75|sl_x5,2015-08-21 10:37:00-04:00,-652.5,645.0,monthly_2_low,monthly_2,4334.5,18.75
daily_3_high_2015-11-18,nq_all_families,2015-11-18,Short,10.5,2015-11-18 10:24:00-05:00,4601.25,4603.35,5,False,full_stop,entry5@4601.25|sl_x5,2015-11-18 11:14:00-05:00,-217.5,210.0,daily_3_high,daily_3,4597.75,3.5
weekly_4_high_2015-12-02,nq_all_families,2015-12-02,Short,17.0,2015-12-02 09:58:00-05:00,4734.5,4737.9,5,False,full_stop,entry5@4734.50|sl_x5,2015-12-02 10:00:00-05:00,-347.5,340.0,weekly_4_high,weekly_4,4729.5,5.0
monthly_2_high_2015-12-02,nq_all_families,2015-12-02,Short,17.0,2015-12-02 09:58:00-05:00,4734.5,4737.9,5,False,full_stop,entry5@4734.50|sl_x5,2015-12-02 10:00:00-05:00,-347.5,340.0,monthly_2_high,monthly_2,4729.5,5.0
daily_3_low_2015-12-14,nq_all_families,2015-12-14,Long,27.5,2015-12-14 10:12:00-05:00,4519.0,4513.5,5,False,full_stop,entry5@4519.00|sl_x5,2015-12-14 10:12:00-05:00,-557.5,550.0,daily_3_low,daily_3,4526.5,7.5
daily_3_high_2015-12-24,nq_all_families,2015-12-24,Short,12.0,2015-12-24 11:47:00-05:00,4625.75,4628.15,5,False,full_stop,entry5@4625.75|sl_x5,2015-12-24 11:52:00-05:00,-247.5,240.0,daily_3_high,daily_3,4620.25,5.5
daily_3_low_2016-01-06,nq_all_families,2016-01-06,Long,25.75,2016-01-06 14:43:00-05:00,4418.0,4412.85,5,False,full_stop,entry5@4418.00|sl_x5,2016-01-06 14:47:00-05:00,-522.5,515.0,daily_3_low,daily_3,4429.75,11.75
weekly_4_low_2016-05-06,nq_all_families,2016-05-06,Long,32.0,2016-05-06 10:20:00-04:00,4288.75,4282.35,5,False,full_stop,entry5@4288.75|sl_x5,2016-05-06 10:25:00-04:00,-647.5,640.0,weekly_4_low,weekly_4,4296.75,8.0
daily_3_high_2016-05-31,nq_all_families,2016-05-31,Short,6.5,2016-05-31 10:35:00-04:00,4526.0,4527.3,5,True,runner_tp,entry5@4526.00|scale4@opp|runner_tp,2016-05-31 12:19:00-04:00,1347.5,130.0,daily_3_high,daily_3,4524.0,2.0
daily_3_low_2016-06-13,nq_all_families,2016-06-13,Long,11.5,2016-06-13 11:51:00-04:00,4427.0,4424.7,5,False,full_stop,entry5@4427.00|sl_x5,2016-06-13 11:53:00-04:00,-237.5,230.0,daily_3_low,daily_3,4438.25,11.25
daily_3_high_2016-07-28,nq_all_families,2016-07-28,Short,22.5,2016-07-28 15:28:00-04:00,4713.25,4717.75,5,False,full_stop,entry5@4713.25|sl_x5,2016-07-28 15:45:00-04:00,-457.5,450.0,daily_3_high,daily_3,4709.75,3.5
daily_3_high_2016-07-29,nq_all_families,2016-07-29,Short,12.75,2016-07-29 11:02:00-04:00,4730.25,4732.8,5,False,full_stop,entry5@4730.25|sl_x5,2016-07-29 11:24:00-04:00,-262.5,255.0,daily_3_high,daily_3,4719.0,11.25
daily_3_high_2016-08-09,nq_all_families,2016-08-09,Short,13.25,2016-08-09 10:14:00-04:00,4798.5,4801.15,5,False,full_stop,entry5@4798.50|sl_x5,2016-08-09 10:17:00-04:00,-272.5,265.0,daily_3_high,daily_3,4797.75,0.75
weekly_4_high_2016-08-09,nq_all_families,2016-08-09,Short,13.25,2016-08-09 10:14:00-04:00,4798.5,4801.15,5,False,full_stop,entry5@4798.50|sl_x5,2016-08-09 10:17:00-04:00,-272.5,265.0,weekly_4_high,weekly_4,4797.75,0.75
daily_3_high_2016-10-18,nq_all_families,2016-10-18,Short,12.5,2016-10-18 11:42:00-04:00,4847.5,4850.0,5,False,full_stop,entry5@4847.50|sl_x5,2016-10-18 11:51:00-04:00,-257.5,250.0,daily_3_high,daily_3,4841.0,6.5
weekly_4_low_2016-11-02,nq_all_families,2016-11-02,Long,14.25,2016-11-02 10:30:00-04:00,4750.5,4747.65,5,False,full_stop,entry5@4750.50|sl_x5,2016-11-02 10:34:00-04:00,-292.5,285.0,weekly_4_low,weekly_4,4754.5,4.0
daily_3_low_2016-11-03,nq_all_families,2016-11-03,Long,15.0,2016-11-03 10:15:00-04:00,4705.75,4702.75,5,False,full_stop,entry5@4705.75|sl_x5,2016-11-03 12:06:00-04:00,-307.5,300.0,daily_3_low,daily_3,4710.5,4.75
daily_3_low_2016-11-04,nq_all_families,2016-11-04,Long,33.0,2016-11-04 15:47:00-04:00,4657.75,4651.15,5,False,eod,entry5@4657.75|eod_x5,2016-11-04 15:59:00-04:00,-32.5,660.0,daily_3_low,daily_3,4670.5,12.75
daily_3_high_2016-12-08,nq_all_families,2016-12-08,Short,20.25,2016-12-08 11:08:00-05:00,4865.25,4869.3,5,False,full_stop,entry5@4865.25|sl_x5,2016-12-08 12:49:00-05:00,-412.5,405.0,daily_3_high,daily_3,4854.75,10.5
daily_3_high_2017-01-09,nq_all_families,2017-01-09,Short,12.75,2017-01-09 11:19:00-05:00,5020.5,5023.05,5,False,full_stop,entry5@5020.50|sl_x5,2017-01-09 11:20:00-05:00,-262.5,255.0,daily_3_high,daily_3,5017.5,3.0
weekly_4_high_2017-01-09,nq_all_families,2017-01-09,Short,12.75,2017-01-09 11:19:00-05:00,5020.5,5023.05,5,False,full_stop,entry5@5020.50|sl_x5,2017-01-09 11:20:00-05:00,-262.5,255.0,weekly_4_high,weekly_4,5017.5,3.0
weekly_4_high_2017-01-10,nq_all_families,2017-01-10,Short,13.0,2017-01-10 10:35:00-05:00,5025.75,5028.35,5,False,full_stop,entry5@5025.75|sl_x5,2017-01-10 10:55:00-05:00,-267.5,260.0,weekly_4_high,weekly_4,5017.5,8.25
weekly_4_high_2017-01-12,nq_all_families,2017-01-12,Short,15.0,2017-01-12 12:36:00-05:00,5021.5,5024.5,5,False,full_stop,entry5@5021.50|sl_x5,2017-01-12 13:10:00-05:00,-307.5,300.0,weekly_4_high,weekly_4,5017.5,4.0
daily_3_low_2017-01-31,nq_all_families,2017-01-31,Long,14.0,2017-01-31 11:29:00-05:00,5090.5,5087.7,5,False,full_stop,entry5@5090.50|sl_x5,2017-01-31 11:34:00-05:00,-287.5,280.0,daily_3_low,daily_3,5094.5,4.0
daily_3_high_2017-02-21,nq_all_families,2017-02-21,Short,9.0,2017-02-21 10:08:00-05:00,5347.0,5348.8,5,False,full_stop,entry5@5347.00|sl_x5,2017-02-21 10:11:00-05:00,-187.5,180.0,daily_3_high,daily_3,5344.25,2.75
weekly_4_high_2017-03-01,nq_all_families,2017-03-01,Short,13.0,2017-03-01 09:56:00-05:00,5363.25,5365.85,5,False,full_stop,entry5@5363.25|sl_x5,2017-03-01 10:00:00-05:00,-267.5,260.0,weekly_4_high,weekly_4,5359.5,3.75
monthly_2_high_2017-03-01,nq_all_families,2017-03-01,Short,13.0,2017-03-01 09:56:00-05:00,5363.25,5365.85,5,False,full_stop,entry5@5363.25|sl_x5,2017-03-01 10:00:00-05:00,-267.5,260.0,monthly_2_high,monthly_2,5359.5,3.75
weekly_4_high_2017-03-03,nq_all_families,2017-03-03,Short,9.5,2017-03-03 12:32:00-05:00,5364.5,5366.4,5,False,full_stop,entry5@5364.50|sl_x5,2017-03-03 13:04:00-05:00,-197.5,190.0,weekly_4_high,weekly_4,5359.5,5.0
monthly_2_high_2017-03-03,nq_all_families,2017-03-03,Short,9.5,2017-03-03 12:32:00-05:00,5364.5,5366.4,5,False,full_stop,entry5@5364.50|sl_x5,2017-03-03 13:04:00-05:00,-197.5,190.0,monthly_2_high,monthly_2,5359.5,5.0
daily_3_high_2017-03-30,nq_all_families,2017-03-30,Short,12.5,2017-03-30 09:56:00-04:00,5438.25,5440.75,5,False,full_stop,entry5@5438.25|sl_x5,2017-03-30 09:57:00-04:00,-257.5,250.0,daily_3_high,daily_3,5435.5,2.75
weekly_4_high_2017-03-31,nq_all_families,2017-03-31,Short,7.0,2017-03-31 10:37:00-04:00,5444.5,5445.9,5,False,full_stop,entry5@5444.50|sl_x5,2017-03-31 11:09:00-04:00,-147.5,140.0,weekly_4_high,weekly_4,5441.0,3.5
daily_3_high_2017-04-27,nq_all_families,2017-04-27,Short,7.25,2017-04-27 12:57:00-04:00,5565.75,5567.2,5,False,full_stop,entry5@5565.75|sl_x5,2017-04-27 12:59:00-04:00,-152.5,145.0,daily_3_high,daily_3,5562.5,3.25
daily_3_high_2017-05-08,nq_all_families,2017-05-08,Short,12.5,2017-05-08 10:44:00-04:00,5647.75,5650.25,5,True,runner_sl,entry5@5647.75|scale4@opp|sl_x1,2017-05-08 12:33:00-04:00,652.5,250.0,daily_3_high,daily_3,5644.25,3.5
weekly_4_high_2017-05-08,nq_all_families,2017-05-08,Short,12.5,2017-05-08 10:44:00-04:00,5647.75,5650.25,5,True,runner_sl,entry5@5647.75|scale4@opp|sl_x1,2017-05-08 12:33:00-04:00,652.5,250.0,weekly_4_high,weekly_4,5644.25,3.5
daily_3_high_2017-05-23,nq_all_families,2017-05-23,Short,16.0,2017-05-23 10:21:00-04:00,5706.25,5709.45,5,True,runner_sl,entry5@5706.25|scale4@opp|sl_x1,2017-05-23 11:14:00-04:00,372.5,320.0,daily_3_high,daily_3,5704.0,2.25
daily_3_high_2017-06-09,nq_all_families,2017-06-09,Short,15.5,2017-06-09 10:05:00-04:00,5901.5,5904.6,5,False,full_stop,entry5@5901.50|sl_x5,2017-06-09 10:10:00-04:00,-317.5,310.0,daily_3_high,daily_3,5895.25,6.25
weekly_4_low_2017-07-06,nq_all_families,2017-07-06,Long,26.25,2017-07-06 10:05:00-04:00,5590.25,5585.0,5,False,full_stop,entry5@5590.25|sl_x5,2017-07-06 10:07:00-04:00,-532.5,525.0,weekly_4_low,weekly_4,5601.0,10.75
weekly_4_high_2017-07-17,nq_all_families,2017-07-17,Short,10.5,2017-07-17 09:56:00-04:00,5856.25,5858.35,5,False,full_stop,entry5@5856.25|sl_x5,2017-07-17 10:03:00-04:00,-217.5,210.0,weekly_4_high,weekly_4,5852.0,4.25
monthly_2_high_2017-07-19,nq_all_families,2017-07-19,Short,17.0,2017-07-19 11:15:00-04:00,5912.0,5915.4,5,False,full_stop,entry5@5912.00|sl_x5,2017-07-19 11:35:00-04:00,-347.5,340.0,monthly_2_high,monthly_2,5907.5,4.5
daily_3_high_2017-07-20,nq_all_families,2017-07-20,Short,16.75,2017-07-20 12:23:00-04:00,5929.75,5933.1,5,True,eod,entry5@5929.75|scale4@opp|eod_x1,2017-07-20 15:59:00-04:00,997.5,335.0,daily_3_high,daily_3,5925.0,4.75
weekly_4_high_2017-08-31,nq_all_families,2017-08-31,Short,21.75,2017-08-31 11:53:00-04:00,5976.25,5980.6,5,False,full_stop,entry5@5976.25|sl_x5,2017-08-31 12:05:00-04:00,-442.5,435.0,weekly_4_high,weekly_4,5972.75,3.5
weekly_4_high_2017-10-11,nq_all_families,2017-10-11,Short,11.75,2017-10-11 10:26:00-04:00,6073.75,6076.1,5,False,full_stop,entry5@6073.75|sl_x5,2017-10-11 13:14:00-04:00,-242.5,235.0,weekly_4_high,weekly_4,6069.0,4.75
daily_3_high_2017-10-13,nq_all_families,2017-10-13,Short,8.5,2017-10-13 10:20:00-04:00,6099.5,6101.2,5,False,full_stop,entry5@6099.50|sl_x5,2017-10-13 10:21:00-04:00,-177.5,170.0,daily_3_high,daily_3,6097.0,2.5
monthly_2_high_2017-11-15,nq_all_families,2017-11-15,Short,37.75,2017-11-15 10:34:00-05:00,6263.25,6270.8,5,False,full_stop,entry5@6263.25|sl_x5,2017-11-15 10:37:00-05:00,-762.5,755.0,monthly_2_high,monthly_2,6258.75,4.5
daily_3_high_2017-11-27,nq_all_families,2017-11-27,Short,11.25,2017-11-27 10:07:00-05:00,6419.75,6422.0,5,False,full_stop,entry5@6419.75|sl_x5,2017-11-27 10:16:00-05:00,-232.5,225.0,daily_3_high,daily_3,6416.0,3.75
weekly_4_high_2017-11-27,nq_all_families,2017-11-27,Short,11.25,2017-11-27 10:07:00-05:00,6419.75,6422.0,5,False,full_stop,entry5@6419.75|sl_x5,2017-11-27 10:16:00-05:00,-232.5,225.0,weekly_4_high,weekly_4,6416.0,3.75
weekly_4_high_2017-12-21,nq_all_families,2017-12-21,Short,13.25,2017-12-21 10:36:00-05:00,6501.5,6504.15,5,True,runner_sl,entry5@6501.50|scale4@opp|sl_x1,2017-12-21 11:22:00-05:00,552.5,265.0,weekly_4_high,weekly_4,6490.75,10.75
weekly_4_high_2018-01-17,nq_all_families,2018-01-17,Short,25.25,2018-01-17 10:16:00-05:00,6776.25,6781.3,5,True,runner_sl,entry5@6776.25|scale4@opp|sl_x1,2018-01-17 10:58:00-05:00,1532.5,505.0,weekly_4_high,weekly_4,6774.0,2.25
daily_3_low_2018-03-28,nq_all_families,2018-03-28,Long,96.75,2018-03-28 10:43:00-04:00,6453.0,6433.65,5,False,full_stop,entry5@6453.00|sl_x5,2018-03-28 10:47:00-04:00,-1942.5,1935.0,daily_3_low,daily_3,6490.0,37.0
weekly_4_low_2018-03-28,nq_all_families,2018-03-28,Long,96.75,2018-03-28 10:43:00-04:00,6453.0,6433.65,5,False,full_stop,entry5@6453.00|sl_x5,2018-03-28 10:47:00-04:00,-1942.5,1935.0,weekly_4_low,weekly_4,6520.0,67.0
daily_3_low_2018-06-28,nq_all_families,2018-06-28,Long,38.75,2018-06-28 10:37:00-04:00,6972.0,6964.25,5,True,runner_tp,entry5@6972.00|scale4@opp|runner_tp,2018-06-28 14:47:00-04:00,5242.5,775.0,daily_3_low,daily_3,6988.0,16.0
daily_3_high_2018-07-13,nq_all_families,2018-07-13,Short,11.75,2018-07-13 10:24:00-04:00,7395.75,7398.1,5,False,full_stop,entry5@7395.75|sl_x5,2018-07-13 10:27:00-04:00,-242.5,235.0,daily_3_high,daily_3,7387.0,8.75
weekly_4_high_2018-07-18,nq_all_families,2018-07-18,Short,29.25,2018-07-18 11:17:00-04:00,7409.75,7415.6,5,True,runner_sl,entry5@7409.75|scale4@opp|sl_x1,2018-07-18 12:48:00-04:00,972.5,585.0,weekly_4_high,weekly_4,7405.0,4.75
daily_3_high_2018-08-03,nq_all_families,2018-08-03,Short,31.75,2018-08-03 10:28:00-04:00,7399.25,7405.6,5,False,eod,entry5@7399.25|eod_x5,2018-08-03 15:59:00-04:00,-207.5,635.0,daily_3_high,daily_3,7390.25,9.0
daily_3_high_2018-09-27,nq_all_families,2018-09-27,Short,28.0,2018-09-27 10:50:00-04:00,7674.75,7680.35,5,False,full_stop,entry5@7674.75|sl_x5,2018-09-27 11:00:00-04:00,-567.5,560.0,daily_3_high,daily_3,7668.0,6.75
weekly_4_high_2018-10-03,nq_all_families,2018-10-03,Short,21.75,2018-10-03 10:02:00-04:00,7693.5,7697.85,5,False,full_stop,entry5@7693.50|sl_x5,2018-10-03 10:03:00-04:00,-442.5,435.0,weekly_4_high,weekly_4,7687.0,6.5
daily_3_low_2018-10-11,nq_all_families,2018-10-11,Long,76.5,2018-10-11 11:04:00-04:00,7005.5,6990.2,5,False,full_stop,entry5@7005.50|sl_x5,2018-10-11 11:04:00-04:00,-1537.5,1530.0,daily_3_low,daily_3,7062.5,57.0
monthly_2_low_2018-10-18,nq_all_families,2018-10-18,Long,43.75,2018-10-18 11:18:00-04:00,7210.25,7201.5,5,False,full_stop,entry5@7210.25|sl_x5,2018-10-18 11:20:00-04:00,-882.5,875.0,monthly_2_low,monthly_2,7224.75,14.5
monthly_2_low_2018-10-19,nq_all_families,2018-10-19,Long,51.75,2018-10-19 10:00:00-04:00,7213.5,7203.15,5,True,runner_sl,entry5@7213.50|scale4@opp|sl_x1,2018-10-19 10:01:00-04:00,752.5,1035.0,monthly_2_low,monthly_2,7224.75,11.25
weekly_4_low_2018-10-30,nq_all_families,2018-10-30,Long,73.5,2018-10-30 10:44:00-04:00,6698.25,6683.55,5,True,runner_tp,entry5@6698.25|scale4@opp|runner_tp,2018-10-30 11:49:00-04:00,5087.5,1470.0,weekly_4_low,weekly_4,6750.5,52.25
daily_3_high_2018-10-31,nq_all_families,2018-10-31,Short,41.75,2018-10-31 10:16:00-04:00,6995.25,7003.6,5,False,full_stop,entry5@6995.25|sl_x5,2018-10-31 10:18:00-04:00,-842.5,835.0,daily_3_high,daily_3,6986.5,8.75
daily_3_low_2018-11-05,nq_all_families,2018-11-05,Long,70.25,2018-11-05 10:02:00-05:00,6898.25,6884.2,5,False,full_stop,entry5@6898.25|sl_x5,2018-11-05 10:10:00-05:00,-1412.5,1405.0,daily_3_low,daily_3,6911.25,13.0
weekly_4_high_2019-03-12,nq_all_families,2019-03-12,Short,24.25,2019-03-12 10:30:00-04:00,7219.0,7223.85,5,False,full_stop,entry5@7219.00|sl_x5,2019-03-12 10:30:00-04:00,-492.5,485.0,weekly_4_high,weekly_4,7211.5,7.5
daily_3_high_2019-03-15,nq_all_families,2019-03-15,Short,23.0,2019-03-15 11:16:00-04:00,7332.5,7337.1,5,False,full_stop,entry5@7332.50|sl_x5,2019-03-15 11:18:00-04:00,-467.5,460.0,daily_3_high,daily_3,7324.25,8.25
daily_3_high_2019-04-02,nq_all_families,2019-04-02,Short,15.25,2019-04-02 10:26:00-04:00,7509.25,7512.3,5,False,full_stop,entry5@7509.25|sl_x5,2019-04-02 10:26:00-04:00,-312.5,305.0,daily_3_high,daily_3,7506.5,2.75
weekly_4_high_2019-04-11,nq_all_families,2019-04-11,Short,22.5,2019-04-11 10:40:00-04:00,7632.0,7636.5,5,True,runner_sl,entry5@7632.00|scale4@opp|sl_x1,2019-04-11 11:07:00-04:00,472.5,450.0,weekly_4_high,weekly_4,7616.25,15.75
weekly_4_low_2019-05-23,nq_all_families,2019-05-23,Long,29.25,2019-05-23 11:56:00-04:00,7301.25,7295.4,5,False,full_stop,entry5@7301.25|sl_x5,2019-05-23 11:57:00-04:00,-592.5,585.0,weekly_4_low,weekly_4,7312.75,11.5
daily_3_high_2019-07-15,nq_all_families,2019-07-15,Short,17.5,2019-07-15 10:22:00-04:00,7974.5,7978.0,5,True,runner_sl,entry5@7974.50|scale4@opp|sl_x1,2019-07-15 10:56:00-04:00,592.5,350.0,daily_3_high,daily_3,7966.75,7.75
weekly_4_high_2019-07-15,nq_all_families,2019-07-15,Short,17.5,2019-07-15 10:22:00-04:00,7974.5,7978.0,5,True,runner_sl,entry5@7974.50|scale4@opp|sl_x1,2019-07-15 10:56:00-04:00,592.5,350.0,weekly_4_high,weekly_4,7966.75,7.75
daily_3_high_2019-07-24,nq_all_families,2019-07-24,Short,28.75,2019-07-24 10:30:00-04:00,7980.75,7986.5,5,False,full_stop,entry5@7980.75|sl_x5,2019-07-24 10:33:00-04:00,-582.5,575.0,daily_3_high,daily_3,7974.25,6.5
daily_3_high_2019-07-26,nq_all_families,2019-07-26,Short,39.5,2019-07-26 11:58:00-04:00,8031.75,8039.65,5,False,full_stop,entry5@8031.75|sl_x5,2019-07-26 15:22:00-04:00,-797.5,790.0,daily_3_high,daily_3,8026.5,5.25
daily_3_low_2019-08-23,nq_all_families,2019-08-23,Long,17.75,2019-08-23 11:02:00-04:00,7628.0,7624.45,5,False,full_stop,entry5@7628.00|sl_x5,2019-08-23 11:02:00-04:00,-362.5,355.0,daily_3_low,daily_3,7654.0,26.0
daily_3_high_2019-11-19,nq_all_families,2019-11-19,Short,15.75,2019-11-19 11:39:00-05:00,8355.0,8358.15,5,True,runner_sl,entry5@8355.00|scale4@opp|sl_x1,2019-11-19 12:00:00-05:00,492.5,315.0,daily_3_high,daily_3,8345.75,9.25
daily_3_high_2019-12-27,nq_all_families,2019-12-27,Short,19.25,2019-12-27 11:43:00-05:00,8820.0,8823.85,5,True,runner_tp,entry5@8820.00|scale4@opp|runner_tp,2019-12-27 13:19:00-05:00,1027.5,385.0,daily_3_high,daily_3,8802.0,18.0
daily_3_high_2020-01-08,nq_all_families,2020-01-08,Short,38.0,2020-01-08 10:15:00-05:00,8896.0,8903.6,5,False,full_stop,entry5@8896.00|sl_x5,2020-01-08 11:29:00-05:00,-767.5,760.0,daily_3_high,daily_3,8888.0,8.0
weekly_4_high_2020-01-08,nq_all_families,2020-01-08,Short,38.0,2020-01-08 10:15:00-05:00,8896.0,8903.6,5,False,full_stop,entry5@8896.00|sl_x5,2020-01-08 11:29:00-05:00,-767.5,760.0,weekly_4_high,weekly_4,8889.5,6.5
weekly_4_high_2020-01-14,nq_all_families,2020-01-14,Short,34.0,2020-01-14 10:14:00-05:00,9068.25,9075.05,5,False,full_stop,entry5@9068.25|sl_x5,2020-01-14 10:31:00-05:00,-687.5,680.0,weekly_4_high,weekly_4,9042.5,25.75
daily_3_high_2020-03-25,nq_all_families,2020-03-25,Short,179.25,2020-03-25 12:38:00-04:00,7612.25,7648.1,5,False,full_stop,entry5@7612.25|sl_x5,2020-03-25 13:07:00-04:00,-3592.5,3585.0,daily_3_high,daily_3,7534.5,77.75
daily_3_high_2020-06-01,nq_all_families,2020-06-01,Short,53.25,2020-06-01 12:45:00-04:00,9585.0,9595.65,5,False,full_stop,entry5@9585.00|sl_x5,2020-06-01 13:06:00-04:00,-1072.5,1065.0,daily_3_high,daily_3,9571.5,13.5
weekly_4_high_2020-06-01,nq_all_families,2020-06-01,Short,53.25,2020-06-01 12:45:00-04:00,9585.0,9595.65,5,False,full_stop,entry5@9585.00|sl_x5,2020-06-01 13:06:00-04:00,-1072.5,1065.0,weekly_4_high,weekly_4,9571.5,13.5
monthly_2_high_2020-06-01,nq_all_families,2020-06-01,Short,53.25,2020-06-01 12:45:00-04:00,9585.0,9595.65,5,False,full_stop,entry5@9585.00|sl_x5,2020-06-01 13:06:00-04:00,-1072.5,1065.0,monthly_2_high,monthly_2,9571.5,13.5
daily_3_high_2020-06-02,nq_all_families,2020-06-02,Short,35.25,2020-06-02 14:02:00-04:00,9611.5,9618.55,5,False,full_stop,entry5@9611.50|sl_x5,2020-06-02 15:49:00-04:00,-712.5,705.0,daily_3_high,daily_3,9605.75,5.75
daily_3_high_2020-06-09,nq_all_families,2020-06-09,Short,48.25,2020-06-09 10:22:00-04:00,9910.25,9919.9,5,False,full_stop,entry5@9910.25|sl_x5,2020-06-09 10:40:00-04:00,-972.5,965.0,daily_3_high,daily_3,9901.0,9.25
daily_3_high_2020-06-17,nq_all_families,2020-06-17,Short,39.75,2020-06-17 12:32:00-04:00,10018.0,10025.95,5,False,full_stop,entry5@10018.00|sl_x5,2020-06-17 12:33:00-04:00,-802.5,795.0,daily_3_high,daily_3,10001.75,16.25
daily_3_high_2020-07-07,nq_all_families,2020-07-07,Short,60.25,2020-07-07 10:11:00-04:00,10633.25,10645.3,5,False,full_stop,entry5@10633.25|sl_x5,2020-07-07 10:12:00-04:00,-1212.5,1205.0,daily_3_high,daily_3,10614.5,18.75
weekly_4_high_2020-08-04,nq_all_families,2020-08-04,Short,43.5,2020-08-04 10:00:00-04:00,11066.25,11074.95,5,False,full_stop,entry5@11066.25|sl_x5,2020-08-04 10:08:00-04:00,-877.5,870.0,weekly_4_high,weekly_4,11058.5,7.75
monthly_2_high_2020-08-04,nq_all_families,2020-08-04,Short,43.5,2020-08-04 10:00:00-04:00,11066.25,11074.95,5,False,full_stop,entry5@11066.25|sl_x5,2020-08-04 10:08:00-04:00,-877.5,870.0,monthly_2_high,monthly_2,11058.5,7.75
daily_3_high_2020-08-13,nq_all_families,2020-08-13,Short,65.0,2020-08-13 10:29:00-04:00,11226.25,11239.25,5,False,full_stop,entry5@11226.25|sl_x5,2020-08-13 10:34:00-04:00,-1307.5,1300.0,daily_3_high,daily_3,11185.75,40.5
daily_3_high_2020-08-17,nq_all_families,2020-08-17,Short,30.75,2020-08-17 13:03:00-04:00,11276.75,11282.9,5,False,full_stop,entry5@11276.75|sl_x5,2020-08-17 13:16:00-04:00,-622.5,615.0,daily_3_high,daily_3,11266.0,10.75
daily_3_high_2020-08-27,nq_all_families,2020-08-27,Short,103.75,2020-08-27 10:34:00-04:00,12006.75,12027.5,5,False,full_stop,entry5@12006.75|sl_x5,2020-08-27 11:03:00-04:00,-2082.5,2075.0,daily_3_high,daily_3,11974.5,32.25
daily_3_high_2020-09-02,nq_all_families,2020-09-02,Short,76.25,2020-09-02 15:11:00-04:00,12404.75,12420.0,5,False,full_stop,entry5@12404.75|sl_x5,2020-09-02 15:14:00-04:00,-1532.5,1525.0,daily_3_high,daily_3,12300.75,104.0
monthly_2_high_2020-09-03,nq_all_families,2020-09-03,Short,109.5,2020-09-03 10:01:00-04:00,12194.0,12215.9,5,True,runner_tp,entry5@12194.00|scale4@opp|runner_tp,2020-09-03 10:37:00-04:00,8282.5,2190.0,monthly_2_high,monthly_2,12165.0,29.0
daily_3_high_2020-10-01,nq_all_families,2020-10-01,Short,33.75,2020-10-01 11:35:00-04:00,11552.5,11559.25,5,True,runner_tp,entry5@11552.50|scale4@opp|runner_tp,2020-10-01 12:16:00-04:00,2442.5,675.0,daily_3_high,daily_3,11526.0,26.5
daily_3_low_2020-10-15,nq_all_families,2020-10-15,Long,102.5,2020-10-15 10:07:00-04:00,11835.25,11814.75,5,True,runner_sl,entry5@11835.25|scale4@opp|sl_x1,2020-10-15 10:08:00-04:00,1652.5,2050.0,daily_3_low,daily_3,11867.25,32.0
weekly_4_high_2020-11-09,nq_all_families,2020-11-09,Short,170.0,2020-11-09 10:15:00-05:00,12222.0,12256.0,5,False,full_stop,entry5@12222.00|sl_x5,2020-11-09 10:18:00-05:00,-3407.5,3400.0,weekly_4_high,weekly_4,12197.0,25.0
daily_3_high_2020-11-16,nq_all_families,2020-11-16,Short,93.75,2020-11-16 10:22:00-05:00,11989.0,12007.75,5,False,full_stop,entry5@11989.00|sl_x5,2020-11-16 10:32:00-05:00,-1882.5,1875.0,daily_3_high,daily_3,11975.75,13.25
monthly_2_high_2021-01-13,nq_all_families,2021-01-13,Short,52.0,2021-01-13 10:34:00-05:00,12945.5,12955.9,5,False,full_stop,entry5@12945.50|sl_x5,2021-01-13 10:39:00-05:00,-1047.5,1040.0,monthly_2_high,monthly_2,12918.25,27.25
daily_3_low_2021-01-15,nq_all_families,2021-01-15,Long,51.75,2021-01-15 11:05:00-05:00,12752.5,12742.15,5,False,eod,entry5@12752.50|eod_x5,2021-01-15 15:59:00-05:00,4617.5,1035.0,daily_3_low,daily_3,12767.25,14.75
daily_3_high_2021-02-02,nq_all_families,2021-02-02,Short,59.0,2021-02-02 10:18:00-05:00,13423.25,13435.05,5,False,full_stop,entry5@13423.25|sl_x5,2021-02-02 10:19:00-05:00,-1187.5,1180.0,daily_3_high,daily_3,13394.0,29.25
daily_3_high_2021-02-05,nq_all_families,2021-02-05,Short,48.75,2021-02-05 12:03:00-05:00,13580.25,13590.0,5,False,full_stop,entry5@13580.25|sl_x5,2021-02-05 12:11:00-05:00,-982.5,975.0,daily_3_high,daily_3,13552.5,27.75
weekly_4_high_2021-02-05,nq_all_families,2021-02-05,Short,48.75,2021-02-05 12:03:00-05:00,13580.25,13590.0,5,False,full_stop,entry5@13580.25|sl_x5,2021-02-05 12:11:00-05:00,-982.5,975.0,weekly_4_high,weekly_4,13554.5,25.75
monthly_2_high_2021-02-05,nq_all_families,2021-02-05,Short,48.75,2021-02-05 12:03:00-05:00,13580.25,13590.0,5,False,full_stop,entry5@13580.25|sl_x5,2021-02-05 12:11:00-05:00,-982.5,975.0,monthly_2_high,monthly_2,13554.5,25.75
daily_3_high_2021-02-10,nq_all_families,2021-02-10,Short,47.75,2021-02-10 10:00:00-05:00,13745.5,13755.05,5,True,runner_tp,entry5@13745.50|scale4@opp|runner_tp,2021-02-10 10:20:00-05:00,4072.5,955.0,daily_3_high,daily_3,13735.25,10.25
monthly_2_low_2021-03-04,nq_all_families,2021-03-04,Long,115.75,2021-03-04 12:50:00-05:00,12508.75,12485.6,5,False,full_stop,entry5@12508.75|sl_x5,2021-03-04 12:55:00-05:00,-2322.5,2315.0,monthly_2_low,monthly_2,12522.5,13.75
daily_3_high_2021-03-11,nq_all_families,2021-03-11,Short,75.75,2021-03-11 10:49:00-05:00,13005.25,13020.4,5,False,full_stop,entry5@13005.25|sl_x5,2021-03-11 10:59:00-05:00,-1522.5,1515.0,daily_3_high,daily_3,12979.5,25.75
daily_3_low_2021-03-19,nq_all_families,2021-03-19,Long,112.75,2021-03-19 10:04:00-04:00,12725.0,12702.45,5,False,full_stop,entry5@12725.00|sl_x5,2021-03-19 10:05:00-04:00,-2262.5,2255.0,daily_3_low,daily_3,12762.0,37.0
daily_3_low_2021-03-25,nq_all_families,2021-03-25,Long,114.5,2021-03-25 10:36:00-04:00,12721.0,12698.1,5,False,full_stop,entry5@12721.00|sl_x5,2021-03-25 10:46:00-04:00,-2297.5,2290.0,daily_3_low,daily_3,12788.25,67.25
monthly_2_high_2021-04-22,nq_all_families,2021-04-22,Short,40.75,2021-04-22 10:06:00-04:00,13887.0,13895.15,5,True,runner_sl,entry5@13887.00|scale4@opp|sl_x1,2021-04-22 10:17:00-04:00,1252.5,815.0,monthly_2_high,monthly_2,13878.25,8.75
monthly_2_high_2021-06-21,nq_all_families,2021-06-21,Short,113.75,2021-06-21 10:37:00-04:00,14079.25,14102.0,5,False,full_stop,entry5@14079.25|sl_x5,2021-06-21 10:53:00-04:00,-2282.5,2275.0,monthly_2_high,monthly_2,14060.75,18.5
daily_3_high_2021-06-23,nq_all_families,2021-06-23,Short,45.5,2021-06-23 09:58:00-04:00,14300.5,14309.6,5,False,full_stop,entry5@14300.50|sl_x5,2021-06-23 09:59:00-04:00,-917.5,910.0,daily_3_high,daily_3,14279.25,21.25
monthly_2_high_2021-07-20,nq_all_families,2021-07-20,Short,84.0,2021-07-20 10:18:00-04:00,14590.5,14607.3,5,False,full_stop,entry5@14590.50|sl_x5,2021-07-20 10:20:00-04:00,-1687.5,1680.0,monthly_2_high,monthly_2,14576.75,13.75
weekly_4_high_2021-07-23,nq_all_families,2021-07-23,Short,59.75,2021-07-23 10:31:00-04:00,15004.75,15016.7,5,False,full_stop,entry5@15004.75|sl_x5,2021-07-23 10:38:00-04:00,-1202.5,1195.0,weekly_4_high,weekly_4,14996.0,8.75
daily_3_high_2021-08-04,nq_all_families,2021-08-04,Short,33.25,2021-08-04 13:00:00-04:00,15069.5,15076.15,5,False,full_stop,entry5@15069.50|sl_x5,2021-08-04 13:03:00-04:00,-672.5,665.0,daily_3_high,daily_3,15051.5,18.0
daily_3_high_2021-08-20,nq_all_families,2021-08-20,Short,37.0,2021-08-20 10:18:00-04:00,15072.75,15080.15,5,False,full_stop,entry5@15072.75|sl_x5,2021-08-20 10:18:00-04:00,-747.5,740.0,daily_3_high,daily_3,15058.0,14.75
daily_3_high_2021-08-24,nq_all_families,2021-08-24,Short,40.75,2021-08-24 10:03:00-04:00,15350.25,15358.4,5,False,full_stop,entry5@15350.25|sl_x5,2021-08-24 10:08:00-04:00,-822.5,815.0,daily_3_high,daily_3,15337.5,12.75
daily_3_high_2021-08-27,nq_all_families,2021-08-27,Short,48.25,2021-08-27 13:21:00-04:00,15428.75,15438.4,5,False,full_stop,entry5@15428.75|sl_x5,2021-08-27 15:08:00-04:00,-972.5,965.0,daily_3_high,daily_3,15397.0,31.75
monthly_2_high_2021-09-07,nq_all_families,2021-09-07,Short,43.25,2021-09-07 10:33:00-04:00,15655.5,15664.15,5,False,full_stop,entry5@15655.50|sl_x5,2021-09-07 10:41:00-04:00,-872.5,865.0,monthly_2_high,monthly_2,15617.75,37.75
daily_3_low_2021-10-12,nq_all_families,2021-10-12,Long,90.0,2021-10-12 10:17:00-04:00,14657.5,14639.5,5,False,full_stop,entry5@14657.50|sl_x5,2021-10-12 10:54:00-04:00,-1807.5,1800.0,daily_3_low,daily_3,14696.25,38.75
monthly_2_low_2021-10-12,nq_all_families,2021-10-12,Long,90.0,2021-10-12 10:17:00-04:00,14657.5,14639.5,5,False,full_stop,entry5@14657.50|sl_x5,2021-10-12 10:54:00-04:00,-1807.5,1800.0,monthly_2_low,monthly_2,14670.25,12.75
weekly_4_high_2021-10-19,nq_all_families,2021-10-19,Short,52.5,2021-10-19 10:16:00-04:00,15357.75,15368.25,5,False,full_stop,entry5@15357.75|sl_x5,2021-10-19 10:56:00-04:00,-1057.5,1050.0,weekly_4_high,weekly_4,15347.0,10.75
daily_3_high_2021-10-20,nq_all_families,2021-10-20,Short,32.75,2021-10-20 10:30:00-04:00,15439.0,15445.55,5,False,full_stop,entry5@15439.00|sl_x5,2021-10-20 10:32:00-04:00,-662.5,655.0,daily_3_high,daily_3,15403.75,35.25
daily_3_low_2021-11-10,nq_all_families,2021-11-10,Long,84.25,2021-11-10 12:43:00-05:00,16107.25,16090.4,5,True,runner_sl,entry5@16107.25|scale4@opp|sl_x1,2021-11-10 13:02:00-05:00,1492.5,1685.0,daily_3_low,daily_3,16160.0,52.75
daily_3_high_2021-11-18,nq_all_families,2021-11-18,Short,49.25,2021-11-18 11:34:00-05:00,16421.0,16430.85,5,False,full_stop,entry5@16421.00|sl_x5,2021-11-18 11:34:00-05:00,-992.5,985.0,daily_3_high,daily_3,16396.5,24.5
daily_3_low_2021-12-03,nq_all_families,2021-12-03,Long,158.75,2021-12-03 10:35:00-05:00,15733.0,15701.25,5,False,full_stop,entry5@15733.00|sl_x5,2021-12-03 10:41:00-05:00,-3182.5,3175.0,daily_3_low,daily_3,15762.75,29.75
weekly_4_low_2021-12-03,nq_all_families,2021-12-03,Long,158.75,2021-12-03 10:35:00-05:00,15733.0,15701.25,5,False,full_stop,entry5@15733.00|sl_x5,2021-12-03 10:41:00-05:00,-3182.5,3175.0,weekly_4_low,weekly_4,15768.5,35.5
daily_3_low_2021-12-31,nq_all_families,2021-12-31,Long,58.0,2021-12-31 12:18:00-05:00,16354.0,16342.4,5,False,full_stop,entry5@16354.00|sl_x5,2021-12-31 15:50:00-05:00,-1167.5,1160.0,daily_3_low,daily_3,16387.5,33.5
weekly_4_low_2022-09-30,nq_all_families,2022-09-30,Long,102.25,2022-09-30 13:43:00-04:00,11165.5,11145.05,5,False,full_stop,entry5@11165.50|sl_x5,2022-09-30 14:43:00-04:00,-2052.5,2045.0,weekly_4_low,weekly_4,11229.0,63.5
monthly_2_high_2023-02-17,nq_all_families,2023-02-17,Short,77.5,2023-02-17 10:03:00-05:00,12350.5,12366.0,5,True,runner_sl,entry5@12350.50|scale4@opp|sl_x1,2023-02-17 10:04:00-05:00,332.5,1550.0,monthly_2_high,monthly_2,12308.5,42.0
daily_3_high_2023-03-03,nq_all_families,2023-03-03,Short,34.75,2023-03-03 10:15:00-05:00,12201.25,12208.2,5,False,full_stop,entry5@12201.25|sl_x5,2023-03-03 10:15:00-05:00,-702.5,695.0,daily_3_high,daily_3,12172.75,28.5
daily_3_high_2023-03-16,nq_all_families,2023-03-16,Short,67.0,2023-03-16 10:41:00-04:00,12435.0,12448.4,5,False,full_stop,entry5@12435.00|sl_x5,2023-03-16 10:41:00-04:00,-1347.5,1340.0,daily_3_high,daily_3,12407.5,27.5
daily_3_high_2023-03-21,nq_all_families,2023-03-21,Short,41.25,2023-03-21 14:56:00-04:00,12837.25,12845.5,5,False,full_stop,entry5@12837.25|sl_x5,2023-03-21 14:58:00-04:00,-832.5,825.0,daily_3_high,daily_3,12811.25,26.0
weekly_4_high_2023-03-21,nq_all_families,2023-03-21,Short,41.25,2023-03-21 14:56:00-04:00,12837.25,12845.5,5,False,full_stop,entry5@12837.25|sl_x5,2023-03-21 14:58:00-04:00,-832.5,825.0,weekly_4_high,weekly_4,12811.25,26.0
weekly_4_high_2023-03-24,nq_all_families,2023-03-24,Short,101.75,2023-03-24 10:14:00-04:00,12840.0,12860.35,5,True,runner_sl,entry5@12840.00|scale4@opp|sl_x1,2023-03-24 12:01:00-04:00,7752.5,2035.0,weekly_4_high,weekly_4,12811.25,28.75
daily_3_high_2023-05-16,nq_all_families,2023-05-16,Short,69.0,2023-05-16 10:31:00-04:00,13515.75,13529.55,5,False,full_stop,entry5@13515.75|sl_x5,2023-05-16 10:57:00-04:00,-1387.5,1380.0,daily_3_high,daily_3,13487.25,28.5
weekly_4_high_2023-05-16,nq_all_families,2023-05-16,Short,69.0,2023-05-16 10:31:00-04:00,13515.75,13529.55,5,False,full_stop,entry5@13515.75|sl_x5,2023-05-16 10:57:00-04:00,-1387.5,1380.0,weekly_4_high,weekly_4,13487.25,28.5
weekly_4_high_2023-05-17,nq_all_families,2023-05-17,Short,27.75,2023-05-17 10:40:00-04:00,13526.25,13531.8,5,False,full_stop,entry5@13526.25|sl_x5,2023-05-17 10:47:00-04:00,-562.5,555.0,weekly_4_high,weekly_4,13487.25,39.0
daily_3_high_2023-06-05,nq_all_families,2023-06-05,Short,84.5,2023-06-05 10:45:00-04:00,14646.0,14662.9,5,False,full_stop,entry5@14646.00|sl_x5,2023-06-05 10:55:00-04:00,-1697.5,1690.0,daily_3_high,daily_3,14627.75,18.25
weekly_4_high_2023-06-05,nq_all_families,2023-06-05,Short,84.5,2023-06-05 10:45:00-04:00,14646.0,14662.9,5,False,full_stop,entry5@14646.00|sl_x5,2023-06-05 10:55:00-04:00,-1697.5,1690.0,weekly_4_high,weekly_4,14627.75,18.25
daily_3_low_2023-08-03,nq_all_families,2023-08-03,Long,62.25,2023-08-03 10:21:00-04:00,15385.5,15373.05,5,False,full_stop,entry5@15385.50|sl_x5,2023-08-03 10:25:00-04:00,-1252.5,1245.0,daily_3_low,daily_3,15414.0,28.5
daily_3_low_2023-09-25,nq_all_families,2023-09-25,Long,85.0,2023-09-25 10:22:00-04:00,14837.5,14820.5,5,False,full_stop,entry5@14837.50|sl_x5,2023-09-25 10:26:00-04:00,-1707.5,1700.0,daily_3_low,daily_3,14852.5,15.0
weekly_4_low_2023-09-25,nq_all_families,2023-09-25,Long,85.0,2023-09-25 10:22:00-04:00,14837.5,14820.5,5,False,full_stop,entry5@14837.50|sl_x5,2023-09-25 10:26:00-04:00,-1707.5,1700.0,weekly_4_low,weekly_4,14852.5,15.0
daily_3_high_2023-12-18,nq_all_families,2023-12-18,Short,45.5,2023-12-18 10:18:00-05:00,16902.75,16911.85,5,False,full_stop,entry5@16902.75|sl_x5,2023-12-18 11:44:00-05:00,-917.5,910.0,daily_3_high,daily_3,16887.25,15.5
weekly_4_high_2023-12-18,nq_all_families,2023-12-18,Short,45.5,2023-12-18 10:18:00-05:00,16902.75,16911.85,5,False,full_stop,entry5@16902.75|sl_x5,2023-12-18 11:44:00-05:00,-917.5,910.0,weekly_4_high,weekly_4,16887.25,15.5
daily_3_high_2023-12-19,nq_all_families,2023-12-19,Short,51.0,2023-12-19 10:14:00-05:00,16991.5,17001.7,5,False,full_stop,entry5@16991.50|sl_x5,2023-12-19 10:31:00-05:00,-1027.5,1020.0,daily_3_high,daily_3,16974.0,17.5
daily_3_high_2023-12-27,nq_all_families,2023-12-27,Short,30.0,2023-12-27 13:12:00-05:00,17124.75,17130.75,5,True,runner_tp,entry5@17124.75|scale4@opp|runner_tp,2023-12-27 14:05:00-05:00,3892.5,600.0,daily_3_high,daily_3,17111.25,13.5
daily_3_low_2024-01-03,nq_all_families,2024-01-03,Long,60.75,2024-01-03 10:10:00-05:00,16593.5,16581.35,5,False,full_stop,entry5@16593.50|sl_x5,2024-01-03 10:12:00-05:00,-1222.5,1215.0,daily_3_low,daily_3,16622.5,29.0
monthly_2_high_2024-02-14,nq_all_families,2024-02-14,Short,76.0,2024-02-14 10:19:00-05:00,17815.5,17830.7,5,False,full_stop,entry5@17815.50|sl_x5,2024-02-14 10:20:00-05:00,-1527.5,1520.0,monthly_2_high,monthly_2,17793.5,22.0
monthly_2_high_2024-02-16,nq_all_families,2024-02-16,Short,52.5,2024-02-16 14:02:00-05:00,17895.75,17906.25,5,True,runner_tp,entry5@17895.75|scale4@opp|runner_tp,2024-02-16 14:47:00-05:00,2867.5,1050.0,monthly_2_high,monthly_2,17793.5,102.25
daily_3_high_2024-02-29,nq_all_families,2024-02-29,Short,51.75,2024-02-29 15:48:00-05:00,18070.5,18080.85,5,False,full_stop,entry5@18070.50|sl_x5,2024-02-29 15:50:00-05:00,-1042.5,1035.0,daily_3_high,daily_3,18059.5,11.0
daily_3_high_2024-05-07,nq_all_families,2024-05-07,Short,38.5,2024-05-07 10:54:00-04:00,18233.25,18240.95,5,False,full_stop,entry5@18233.25|sl_x5,2024-05-07 10:56:00-04:00,-777.5,770.0,daily_3_high,daily_3,18198.25,35.0
daily_3_high_2024-05-14,nq_all_families,2024-05-14,Short,52.5,2024-05-14 14:14:00-04:00,18370.75,18381.25,5,False,full_stop,entry5@18370.75|sl_x5,2024-05-14 14:15:00-04:00,-1057.5,1050.0,daily_3_high,daily_3,18348.0,22.75
weekly_4_high_2024-05-14,nq_all_families,2024-05-14,Short,52.5,2024-05-14 14:14:00-04:00,18370.75,18381.25,5,False,full_stop,entry5@18370.75|sl_x5,2024-05-14 14:15:00-04:00,-1057.5,1050.0,weekly_4_high,weekly_4,18348.0,22.75
daily_3_high_2024-05-16,nq_all_families,2024-05-16,Short,28.0,2024-05-16 10:23:00-04:00,18716.5,18722.1,5,False,full_stop,entry5@18716.50|sl_x5,2024-05-16 10:29:00-04:00,-567.5,560.0,daily_3_high,daily_3,18707.0,9.5
monthly_2_high_2024-05-21,nq_all_families,2024-05-21,Short,36.0,2024-05-21 10:03:00-04:00,18719.75,18726.95,5,False,full_stop,entry5@18719.75|sl_x5,2024-05-21 10:25:00-04:00,-727.5,720.0,monthly_2_high,monthly_2,18709.0,10.75
daily_3_low_2024-06-24,nq_all_families,2024-06-24,Long,78.25,2024-06-24 10:43:00-04:00,19866.75,19851.1,5,False,full_stop,entry5@19866.75|sl_x5,2024-06-24 10:48:00-04:00,-1572.5,1565.0,daily_3_low,daily_3,19914.25,47.5
daily_3_high_2024-07-03,nq_all_families,2024-07-03,Short,51.5,2024-07-03 10:43:00-04:00,20300.0,20310.3,5,False,full_stop,entry5@20300.00|sl_x5,2024-07-03 10:46:00-04:00,-1037.5,1030.0,daily_3_high,daily_3,20273.25,26.75
weekly_4_high_2024-07-03,nq_all_families,2024-07-03,Short,51.5,2024-07-03 10:43:00-04:00,20300.0,20310.3,5,False,full_stop,entry5@20300.00|sl_x5,2024-07-03 10:46:00-04:00,-1037.5,1030.0,weekly_4_high,weekly_4,20273.25,26.75
monthly_2_high_2024-07-03,nq_all_families,2024-07-03,Short,51.5,2024-07-03 10:43:00-04:00,20300.0,20310.3,5,False,full_stop,entry5@20300.00|sl_x5,2024-07-03 10:46:00-04:00,-1037.5,1030.0,monthly_2_high,monthly_2,20273.25,26.75
daily_3_high_2024-07-10,nq_all_families,2024-07-10,Short,46.5,2024-07-10 10:05:00-04:00,20777.75,20787.05,5,False,full_stop,entry5@20777.75|sl_x5,2024-07-10 10:09:00-04:00,-937.5,930.0,daily_3_high,daily_3,20771.75,6.0
monthly_2_low_2024-08-07,nq_all_families,2024-08-07,Long,102.0,2024-08-07 11:44:00-04:00,18405.75,18385.35,5,False,full_stop,entry5@18405.75|sl_x5,2024-08-07 11:45:00-04:00,-2047.5,2040.0,monthly_2_low,monthly_2,18435.75,30.0
weekly_4_high_2024-09-20,nq_all_families,2024-09-20,Short,51.75,2024-09-20 15:38:00-04:00,20073.75,20084.1,5,True,eod,entry5@20073.75|scale4@opp|eod_x1,2024-09-20 15:59:00-04:00,4252.5,1035.0,weekly_4_high,weekly_4,20025.25,48.5
monthly_2_high_2024-11-21,nq_all_families,2024-11-21,Short,277.5,2024-11-21 11:30:00-05:00,20786.0,20841.5,5,False,full_stop,entry5@20786.00|sl_x5,2024-11-21 12:44:00-05:00,-5557.5,5550.0,monthly_2_high,monthly_2,20746.5,39.5
monthly_2_high_2024-12-30,nq_all_families,2024-12-30,Short,106.5,2024-12-30 10:39:00-05:00,21365.25,21386.55,5,False,full_stop,entry5@21365.25|sl_x5,2024-12-30 10:45:00-05:00,-2137.5,2130.0,monthly_2_high,monthly_2,21292.75,72.5
daily_3_low_2025-01-08,nq_all_families,2025-01-08,Long,95.0,2025-01-08 12:27:00-05:00,21231.0,21212.0,5,False,full_stop,entry5@21231.00|sl_x5,2025-01-08 12:28:00-05:00,-1907.5,1900.0,daily_3_low,daily_3,21261.5,30.5
daily_3_low_2025-02-27,nq_all_families,2025-02-27,Long,210.75,2025-02-27 14:29:00-05:00,20896.25,20854.1,5,False,full_stop,entry5@20896.25|sl_x5,2025-02-27 14:32:00-05:00,-4222.5,4215.0,daily_3_low,daily_3,20990.0,93.75
daily_3_high_2025-03-17,nq_all_families,2025-03-17,Short,164.5,2025-03-17 13:50:00-04:00,19827.75,19860.65,5,False,full_stop,entry5@19827.75|sl_x5,2025-03-17 14:11:00-04:00,-3297.5,3290.0,daily_3_high,daily_3,19777.75,50.0
daily_3_high_2025-06-26,nq_all_families,2025-06-26,Short,71.5,2025-06-26 10:22:00-04:00,22572.5,22586.8,5,False,full_stop,entry5@22572.50|sl_x5,2025-06-26 10:31:00-04:00,-1437.5,1430.0,daily_3_high,daily_3,22548.25,24.25
daily_3_high_2025-08-11,nq_all_families,2025-08-11,Short,57.5,2025-08-11 09:57:00-04:00,23736.75,23748.25,5,False,full_stop,entry5@23736.75|sl_x5,2025-08-11 10:10:00-04:00,-1157.5,1150.0,daily_3_high,daily_3,23724.0,12.75
weekly_4_high_2025-08-11,nq_all_families,2025-08-11,Short,57.5,2025-08-11 12:01:00-04:00,23767.5,23779.0,5,False,full_stop,entry5@23767.50|sl_x5,2025-08-11 12:07:00-04:00,-1157.5,1150.0,weekly_4_high,weekly_4,23752.0,15.5
monthly_2_high_2025-08-11,nq_all_families,2025-08-11,Short,57.5,2025-08-11 12:01:00-04:00,23767.5,23779.0,5,False,full_stop,entry5@23767.50|sl_x5,2025-08-11 12:07:00-04:00,-1157.5,1150.0,monthly_2_high,monthly_2,23752.0,15.5
weekly_4_high_2025-08-12,nq_all_families,2025-08-12,Short,98.0,2025-08-12 10:37:00-04:00,23764.25,23783.85,5,False,full_stop,entry5@23764.25|sl_x5,2025-08-12 11:01:00-04:00,-1967.5,1960.0,weekly_4_high,weekly_4,23752.0,12.25
monthly_2_high_2025-08-12,nq_all_families,2025-08-12,Short,98.0,2025-08-12 10:37:00-04:00,23764.25,23783.85,5,False,full_stop,entry5@23764.25|sl_x5,2025-08-12 11:01:00-04:00,-1967.5,1960.0,monthly_2_high,monthly_2,23752.0,12.25
monthly_2_high_2025-08-18,nq_all_families,2025-08-18,Short,49.25,2025-08-18 10:24:00-04:00,23804.75,23814.6,5,False,full_stop,entry5@23804.75|sl_x5,2025-08-18 10:24:00-04:00,-992.5,985.0,monthly_2_high,monthly_2,23752.0,52.75
daily_3_high_2025-08-28,nq_all_families,2025-08-28,Short,112.5,2025-08-28 10:47:00-04:00,23709.0,23731.5,5,False,full_stop,entry5@23709.00|sl_x5,2025-08-28 11:12:00-04:00,-2257.5,2250.0,daily_3_high,daily_3,23657.5,51.5
daily_3_high_2025-09-12,nq_all_families,2025-09-12,Short,63.0,2025-09-12 10:21:00-04:00,24060.75,24073.35,5,False,full_stop,entry5@24060.75|sl_x5,2025-09-12 10:22:00-04:00,-1267.5,1260.0,daily_3_high,daily_3,24046.0,14.75
daily_3_high_2025-10-06,nq_all_families,2025-10-06,Short,105.0,2025-10-06 10:21:00-04:00,25179.0,25200.0,5,True,runner_sl,entry5@25179.00|scale4@opp|sl_x1,2025-10-06 11:43:00-04:00,4972.5,2100.0,daily_3_high,daily_3,25169.0,10.0
weekly_4_high_2025-10-06,nq_all_families,2025-10-06,Short,105.0,2025-10-06 10:21:00-04:00,25179.0,25200.0,5,True,runner_sl,entry5@25179.00|scale4@opp|sl_x1,2025-10-06 11:43:00-04:00,4972.5,2100.0,weekly_4_high,weekly_4,25169.0,10.0
daily_3_low_2025-11-04,nq_all_families,2025-11-04,Long,119.25,2025-11-04 11:50:00-05:00,25735.25,25711.4,5,False,full_stop,entry5@25735.25|sl_x5,2025-11-04 12:07:00-05:00,-2392.5,2385.0,daily_3_low,daily_3,25869.0,133.75
daily_3_high_2025-11-20,nq_all_families,2025-11-20,Short,103.0,2025-11-20 10:37:00-05:00,25299.75,25320.35,5,True,runner_tp,entry5@25299.75|scale4@opp|runner_tp,2025-11-20 11:11:00-05:00,17427.5,2060.0,daily_3_high,daily_3,25254.0,45.75
daily_3_high_2025-11-28,nq_all_families,2025-11-28,Short,91.0,2025-11-28 10:21:00-05:00,25399.0,25417.2,5,False,full_stop,entry5@25399.00|sl_x5,2025-11-28 10:52:00-05:00,-1827.5,1820.0,daily_3_high,daily_3,25376.0,23.0
weekly_4_low_2026-01-20,nq_all_families,2026-01-20,Long,123.5,2026-01-20 13:23:00-05:00,25254.75,25230.05,5,False,full_stop,entry5@25254.75|sl_x5,2026-01-20 13:33:00-05:00,-2477.5,2470.0,weekly_4_low,weekly_4,25265.25,10.5
weekly_4_low_2026-01-21,nq_all_families,2026-01-21,Long,95.75,2026-01-21 12:08:00-05:00,25197.25,25178.1,5,False,full_stop,entry5@25197.25|sl_x5,2026-01-21 12:12:00-05:00,-1922.5,1915.0,weekly_4_low,weekly_4,25265.25,68.0
daily_3_high_2026-01-26,nq_all_families,2026-01-26,Short,122.75,2026-01-26 10:51:00-05:00,25886.5,25911.05,5,False,full_stop,entry5@25886.50|sl_x5,2026-01-26 11:30:00-05:00,-2462.5,2455.0,daily_3_high,daily_3,25845.75,40.75
daily_3_low_2026-02-03,nq_all_families,2026-02-03,Long,229.25,2026-02-03 11:51:00-05:00,25470.25,25424.4,5,False,full_stop,entry5@25470.25|sl_x5,2026-02-03 12:12:00-05:00,-4592.5,4585.0,daily_3_low,daily_3,25536.0,65.75
daily_3_low_2026-02-04,nq_all_families,2026-02-04,Long,160.0,2026-02-04 11:02:00-05:00,25108.0,25076.0,5,False,full_stop,entry5@25108.00|sl_x5,2026-02-04 11:03:00-05:00,-3207.5,3200.0,daily_3_low,daily_3,25219.0,111.0
weekly_4_low_2026-02-17,nq_all_families,2026-02-17,Long,210.0,2026-02-17 10:33:00-05:00,24462.25,24420.25,5,True,eod,entry5@24462.25|scale4@opp|eod_x1,2026-02-17 15:59:00-05:00,34567.5,4200.0,weekly_4_low,weekly_4,24543.25,81.0
daily_3_high_2026-03-04,nq_all_families,2026-03-04,Short,133.0,2026-03-04 11:02:00-05:00,25148.5,25175.1,5,False,full_stop,entry5@25148.50|sl_x5,2026-03-04 12:53:00-05:00,-2667.5,2660.0,daily_3_high,daily_3,25101.0,47.5
monthly_2_high_2010-11-29,nq_all_families_wick25,2010-11-29,Short,11.5,2010-11-29 15:17:00-05:00,2145.75,2148.05,5,False,full_stop,entry5@2145.75|sl_x5,2010-11-29 15:20:00-05:00,-237.5,230.0,monthly_2_high,monthly_2,2135.5,10.25
daily_3_high_2010-12-13,nq_all_families_wick25,2010-12-13,Short,8.25,2010-12-13 10:31:00-05:00,2221.75,2223.4,5,False,full_stop,entry5@2221.75|sl_x5,2010-12-13 10:55:00-05:00,-172.5,165.0,daily_3_high,daily_3,2216.75,5.0
weekly_4_high_2010-12-13,nq_all_families_wick25,2010-12-13,Short,8.25,2010-12-13 10:31:00-05:00,2221.75,2223.4,5,False,full_stop,entry5@2221.75|sl_x5,2010-12-13 10:55:00-05:00,-172.5,165.0,weekly_4_high,weekly_4,2216.75,5.0
weekly_4_high_2010-12-14,nq_all_families_wick25,2010-12-14,Short,7.5,2010-12-14 13:47:00-05:00,2219.25,2220.75,5,True,eod,entry5@2219.25|scale4@opp|eod_x1,2010-12-14 15:59:00-05:00,1062.5,150.0,weekly_4_high,weekly_4,2216.75,2.5
monthly_2_high_2010-12-16,nq_all_families_wick25,2010-12-16,Short,6.0,2010-12-16 10:21:00-05:00,2208.75,2209.95,5,False,full_stop,entry5@2208.75|sl_x5,2010-12-16 11:10:00-05:00,-127.5,120.0,monthly_2_high,monthly_2,2198.0,10.75
daily_3_high_2011-01-06,nq_all_families_wick25,2011-01-06,Short,4.25,2011-01-06 10:02:00-05:00,2274.0,2274.85,5,False,full_stop,entry5@2274.00|sl_x5,2011-01-06 10:02:00-05:00,-92.5,85.0,daily_3_high,daily_3,2270.25,3.75
daily_3_high_2011-01-11,nq_all_families_wick25,2011-01-11,Short,7.25,2011-01-11 10:03:00-05:00,2289.5,2290.95,5,True,runner_sl,entry5@2289.50|scale4@opp|sl_x1,2011-01-11 10:28:00-05:00,172.5,145.0,daily_3_high,daily_3,2287.0,2.5
daily_3_high_2011-02-04,nq_all_families_wick25,2011-02-04,Short,8.75,2011-02-04 13:12:00-05:00,2330.5,2332.25,5,False,full_stop,entry5@2330.50|sl_x5,2011-02-04 13:13:00-05:00,-182.5,175.0,daily_3_high,daily_3,2328.25,2.25
daily_3_high_2011-03-30,nq_all_families_wick25,2011-03-30,Short,6.75,2011-03-30 12:14:00-04:00,2334.0,2335.35,5,False,full_stop,entry5@2334.00|sl_x5,2011-03-30 12:15:00-04:00,-142.5,135.0,daily_3_high,daily_3,2329.75,4.25
daily_3_high_2011-04-25,nq_all_families_wick25,2011-04-25,Short,5.0,2011-04-25 10:00:00-04:00,2381.0,2382.0,5,True,runner_sl,entry5@2381.00|scale4@opp|sl_x1,2011-04-25 14:20:00-04:00,592.5,100.0,daily_3_high,daily_3,2379.25,1.75
weekly_4_high_2011-04-25,nq_all_families_wick25,2011-04-25,Short,5.0,2011-04-25 10:00:00-04:00,2381.0,2382.0,5,True,runner_sl,entry5@2381.00|scale4@opp|sl_x1,2011-04-25 14:20:00-04:00,592.5,100.0,weekly_4_high,weekly_4,2379.25,1.75
monthly_2_high_2011-04-29,nq_all_families_wick25,2011-04-29,Short,5.75,2011-04-29 13:04:00-04:00,2409.25,2410.4,5,False,full_stop,entry5@2409.25|sl_x5,2011-04-29 13:04:00-04:00,-122.5,115.0,monthly_2_high,monthly_2,2403.0,6.25
daily_3_high_2011-05-27,nq_all_families_wick25,2011-05-27,Short,2.75,2011-05-27 10:26:00-04:00,2332.5,2333.05,5,False,full_stop,entry5@2332.50|sl_x5,2011-05-27 10:26:00-04:00,-62.5,55.0,daily_3_high,daily_3,2331.0,1.5
daily_3_high_2011-11-29,nq_all_families_wick25,2011-11-29,Short,12.0,2011-11-29 10:17:00-05:00,2237.75,2240.15,5,False,full_stop,entry5@2237.75|sl_x5,2011-11-29 10:18:00-05:00,-247.5,240.0,daily_3_high,daily_3,2228.0,9.75
weekly_4_high_2012-01-06,nq_all_families_wick25,2012-01-06,Short,9.0,2012-01-06 10:43:00-05:00,2346.75,2348.55,5,False,full_stop,entry5@2346.75|sl_x5,2012-01-06 10:46:00-05:00,-187.5,180.0,weekly_4_high,weekly_4,2343.75,3.0
weekly_4_high_2012-01-11,nq_all_families_wick25,2012-01-11,Short,7.0,2012-01-11 10:38:00-05:00,2368.75,2370.15,5,False,full_stop,entry5@2368.75|sl_x5,2012-01-11 10:40:00-05:00,-147.5,140.0,weekly_4_high,weekly_4,2358.75,10.0
monthly_2_high_2012-01-18,nq_all_families_wick25,2012-01-18,Short,8.5,2012-01-18 10:03:00-05:00,2402.25,2403.95,5,False,full_stop,entry5@2402.25|sl_x5,2012-01-18 10:04:00-05:00,-177.5,170.0,monthly_2_high,monthly_2,2399.5,2.75
daily_3_low_2012-01-30,nq_all_families_wick25,2012-01-30,Long,10.25,2012-01-30 10:06:00-05:00,2432.75,2430.7,5,False,full_stop,entry5@2432.75|sl_x5,2012-01-30 10:13:00-05:00,-212.5,205.0,daily_3_low,daily_3,2436.75,4.0
weekly_4_high_2012-02-01,nq_all_families_wick25,2012-02-01,Short,9.75,2012-02-01 10:25:00-05:00,2479.5,2481.45,5,False,full_stop,entry5@2479.50|sl_x5,2012-02-01 10:51:00-05:00,-202.5,195.0,weekly_4_high,weekly_4,2476.0,3.5
weekly_4_high_2012-02-14,nq_all_families_wick25,2012-02-14,Short,5.25,2012-02-14 15:49:00-05:00,2568.75,2569.8,5,False,full_stop,entry5@2568.75|sl_x5,2012-02-14 15:49:00-05:00,-112.5,105.0,weekly_4_high,weekly_4,2565.0,3.75
daily_3_high_2012-02-28,nq_all_families_wick25,2012-02-28,Short,9.0,2012-02-28 10:22:00-05:00,2623.25,2625.05,5,False,full_stop,entry5@2623.25|sl_x5,2012-02-28 10:30:00-05:00,-187.5,180.0,daily_3_high,daily_3,2616.75,6.5
daily_3_high_2012-03-21,nq_all_families_wick25,2012-03-21,Short,7.5,2012-03-21 12:20:00-04:00,2742.0,2743.5,5,False,full_stop,entry5@2742.00|sl_x5,2012-03-21 12:40:00-04:00,-157.5,150.0,daily_3_high,daily_3,2736.5,5.5
daily_3_low_2012-05-02,nq_all_families_wick25,2012-05-02,Long,13.75,2012-05-02 10:16:00-04:00,2707.0,2704.25,5,False,full_stop,entry5@2707.00|sl_x5,2012-05-02 10:30:00-04:00,-282.5,275.0,daily_3_low,daily_3,2710.5,3.5
daily_3_low_2012-05-18,nq_all_families_wick25,2012-05-18,Long,19.5,2012-05-18 10:01:00-04:00,2501.5,2497.6,5,True,runner_sl,entry5@2501.50|scale4@opp|sl_x1,2012-05-18 11:32:00-04:00,1292.5,390.0,daily_3_low,daily_3,2507.25,5.75
daily_3_low_2012-08-23,nq_all_families_wick25,2012-08-23,Long,9.5,2012-08-23 13:25:00-04:00,2754.75,2752.85,5,True,eod,entry5@2754.75|scale4@opp|eod_x1,2012-08-23 15:59:00-04:00,1572.5,190.0,daily_3_low,daily_3,2759.0,4.25
daily_3_high_2012-10-04,nq_all_families_wick25,2012-10-04,Short,10.5,2012-10-04 15:17:00-04:00,2826.5,2828.6,5,False,full_stop,entry5@2826.50|sl_x5,2012-10-04 15:18:00-04:00,-217.5,210.0,daily_3_high,daily_3,2822.5,4.0
daily_3_low_2012-10-08,nq_all_families_wick25,2012-10-08,Long,11.5,2012-10-08 10:23:00-04:00,2785.5,2783.2,5,False,full_stop,entry5@2785.50|sl_x5,2012-10-08 10:27:00-04:00,-237.5,230.0,daily_3_low,daily_3,2790.5,5.0
daily_3_high_2012-10-17,nq_all_families_wick25,2012-10-17,Short,10.75,2012-10-17 12:24:00-04:00,2778.75,2780.9,5,False,eod,entry5@2778.75|eod_x5,2012-10-17 15:59:00-04:00,867.5,215.0,daily_3_high,daily_3,2774.75,4.0
daily_3_low_2012-10-23,nq_all_families_wick25,2012-10-23,Long,8.75,2012-10-23 10:32:00-04:00,2659.0,2657.25,5,False,full_stop,entry5@2659.00|sl_x5,2012-10-23 10:33:00-04:00,-182.5,175.0,daily_3_low,daily_3,2664.75,5.75
daily_3_low_2012-11-13,nq_all_families_wick25,2012-11-13,Long,13.5,2012-11-13 15:41:00-05:00,2563.75,2561.05,5,False,full_stop,entry5@2563.75|sl_x5,2012-11-13 15:45:00-05:00,-277.5,270.0,daily_3_low,daily_3,2568.75,5.0
weekly_4_low_2012-11-13,nq_all_families_wick25,2012-11-13,Long,13.5,2012-11-13 15:41:00-05:00,2563.75,2561.05,5,False,full_stop,entry5@2563.75|sl_x5,2012-11-13 15:45:00-05:00,-277.5,270.0,weekly_4_low,weekly_4,2568.75,5.0
weekly_4_low_2012-11-14,nq_all_families_wick25,2012-11-14,Long,5.75,2012-11-14 10:16:00-05:00,2564.5,2563.35,5,False,full_stop,entry5@2564.50|sl_x5,2012-11-14 10:16:00-05:00,-122.5,115.0,weekly_4_low,weekly_4,2568.75,4.25
daily_3_high_2012-11-21,nq_all_families_wick25,2012-11-21,Short,10.0,2012-11-21 12:44:00-05:00,2600.75,2602.75,5,False,eod,entry5@2600.75|eod_x5,2012-11-21 15:59:00-05:00,242.5,200.0,daily_3_high,daily_3,2596.75,4.0
daily_3_high_2013-04-02,nq_all_families_wick25,2013-04-02,Short,11.25,2013-04-02 10:47:00-04:00,2819.75,2822.0,5,False,full_stop,entry5@2819.75|sl_x5,2013-04-02 10:48:00-04:00,-232.5,225.0,daily_3_high,daily_3,2815.75,4.0
weekly_4_high_2013-04-30,nq_all_families_wick25,2013-04-30,Short,7.5,2013-04-30 10:43:00-04:00,2864.75,2866.25,5,False,full_stop,entry5@2864.75|sl_x5,2013-04-30 10:43:00-04:00,-157.5,150.0,weekly_4_high,weekly_4,2858.5,6.25
daily_3_high_2013-05-07,nq_all_families_wick25,2013-05-07,Short,5.5,2013-05-07 10:00:00-04:00,2956.75,2957.85,5,True,runner_tp,entry5@2956.75|scale4@opp|runner_tp,2013-05-07 10:11:00-04:00,727.5,110.0,daily_3_high,daily_3,2954.0,2.75
daily_3_high_2013-05-08,nq_all_families_wick25,2013-05-08,Short,7.0,2013-05-08 10:29:00-04:00,2958.5,2959.9,5,False,full_stop,entry5@2958.50|sl_x5,2013-05-08 10:35:00-04:00,-147.5,140.0,daily_3_high,daily_3,2956.75,1.75
daily_3_high_2013-05-13,nq_all_families_wick25,2013-05-13,Short,8.25,2013-05-13 11:50:00-04:00,2981.5,2983.15,5,False,full_stop,entry5@2981.50|sl_x5,2013-05-13 11:50:00-04:00,-172.5,165.0,daily_3_high,daily_3,2978.25,3.25
weekly_4_high_2013-05-13,nq_all_families_wick25,2013-05-13,Short,8.25,2013-05-13 11:50:00-04:00,2981.5,2983.15,5,False,full_stop,entry5@2981.50|sl_x5,2013-05-13 11:50:00-04:00,-172.5,165.0,weekly_4_high,weekly_4,2978.25,3.25
daily_3_high_2013-05-20,nq_all_families_wick25,2013-05-20,Short,8.75,2013-05-20 11:35:00-04:00,3030.5,3032.25,5,True,eod,entry5@3030.50|scale4@opp|eod_x1,2013-05-20 15:59:00-04:00,1197.5,175.0,daily_3_high,daily_3,3028.25,2.25
weekly_4_high_2013-05-20,nq_all_families_wick25,2013-05-20,Short,8.75,2013-05-20 11:35:00-04:00,3030.5,3032.25,5,True,eod,entry5@3030.50|scale4@opp|eod_x1,2013-05-20 15:59:00-04:00,1197.5,175.0,weekly_4_high,weekly_4,3028.25,2.25
daily_3_low_2013-06-03,nq_all_families_wick25,2013-06-03,Long,11.5,2013-06-03 10:02:00-04:00,2969.5,2967.2,5,False,full_stop,entry5@2969.50|sl_x5,2013-06-03 10:40:00-04:00,-237.5,230.0,daily_3_low,daily_3,2978.25,8.75
daily_3_high_2013-06-10,nq_all_families_wick25,2013-06-10,Short,7.5,2013-06-10 10:35:00-04:00,2995.5,2997.0,5,False,full_stop,entry5@2995.50|sl_x5,2013-06-10 10:36:00-04:00,-157.5,150.0,daily_3_high,daily_3,2992.0,3.5
daily_3_high_2013-07-05,nq_all_families_wick25,2013-07-05,Short,11.75,2013-07-05 14:31:00-04:00,2956.75,2959.1,5,False,eod,entry5@2956.75|eod_x5,2013-07-05 15:59:00-04:00,42.5,235.0,daily_3_high,daily_3,2949.0,7.75
daily_3_low_2013-12-13,nq_all_families_wick25,2013-12-13,Long,9.25,2013-12-13 10:24:00-05:00,3454.25,3452.4,5,False,full_stop,entry5@3454.25|sl_x5,2013-12-13 11:49:00-05:00,-192.5,185.0,daily_3_low,daily_3,3458.0,3.75
daily_3_high_2013-12-24,nq_all_families_wick25,2013-12-24,Short,7.25,2013-12-24 12:39:00-05:00,3568.75,3570.2,5,False,full_stop,entry5@3568.75|sl_x5,2013-12-24 12:59:00-05:00,-152.5,145.0,daily_3_high,daily_3,3566.75,2.0
daily_3_low_2014-01-02,nq_all_families_wick25,2014-01-02,Long,15.0,2014-01-02 13:31:00-05:00,3552.25,3549.25,5,False,full_stop,entry5@3552.25|sl_x5,2014-01-02 14:20:00-05:00,-307.5,300.0,daily_3_low,daily_3,3556.0,3.75
weekly_4_high_2014-01-17,nq_all_families_wick25,2014-01-17,Short,8.5,2014-01-17 10:26:00-05:00,3596.0,3597.7,5,False,full_stop,entry5@3596.00|sl_x5,2014-01-17 10:55:00-05:00,-177.5,170.0,weekly_4_high,weekly_4,3589.0,7.0
monthly_2_high_2014-01-17,nq_all_families_wick25,2014-01-17,Short,8.5,2014-01-17 10:26:00-05:00,3596.0,3597.7,5,False,full_stop,entry5@3596.00|sl_x5,2014-01-17 10:55:00-05:00,-177.5,170.0,monthly_2_high,monthly_2,3589.0,7.0
daily_3_low_2014-01-24,nq_all_families_wick25,2014-01-24,Long,21.0,2014-01-24 10:31:00-05:00,3572.5,3568.3,5,False,full_stop,entry5@3572.50|sl_x5,2014-01-24 10:41:00-05:00,-427.5,420.0,daily_3_low,daily_3,3579.5,7.0
weekly_4_low_2014-01-28,nq_all_families_wick25,2014-01-28,Long,14.25,2014-01-28 11:18:00-05:00,3488.75,3485.9,5,False,full_stop,entry5@3488.75|sl_x5,2014-01-28 11:24:00-05:00,-292.5,285.0,weekly_4_low,weekly_4,3492.5,3.75
daily_3_high_2014-02-18,nq_all_families_wick25,2014-02-18,Short,9.75,2014-02-18 10:21:00-05:00,3675.0,3676.95,5,False,full_stop,entry5@3675.00|sl_x5,2014-02-18 10:25:00-05:00,-202.5,195.0,daily_3_high,daily_3,3668.0,7.0
weekly_4_high_2014-02-18,nq_all_families_wick25,2014-02-18,Short,9.75,2014-02-18 10:21:00-05:00,3675.0,3676.95,5,False,full_stop,entry5@3675.00|sl_x5,2014-02-18 10:25:00-05:00,-202.5,195.0,weekly_4_high,weekly_4,3668.0,7.0
weekly_4_high_2014-02-19,nq_all_families_wick25,2014-02-19,Short,10.25,2014-02-19 10:28:00-05:00,3675.25,3677.3,5,False,full_stop,entry5@3675.25|sl_x5,2014-02-19 10:32:00-05:00,-212.5,205.0,weekly_4_high,weekly_4,3668.0,7.25
weekly_4_high_2014-02-26,nq_all_families_wick25,2014-02-26,Short,7.75,2014-02-26 10:22:00-05:00,3692.75,3694.3,5,False,full_stop,entry5@3692.75|sl_x5,2014-02-26 10:24:00-05:00,-162.5,155.0,weekly_4_high,weekly_4,3686.75,6.0
weekly_4_high_2014-03-05,nq_all_families_wick25,2014-03-05,Short,6.5,2014-03-05 10:25:00-05:00,3724.75,3726.05,5,False,full_stop,entry5@3724.75|sl_x5,2014-03-05 10:26:00-05:00,-137.5,130.0,weekly_4_high,weekly_4,3722.5,2.25
monthly_2_high_2014-03-05,nq_all_families_wick25,2014-03-05,Short,6.5,2014-03-05 10:25:00-05:00,3724.75,3726.05,5,False,full_stop,entry5@3724.75|sl_x5,2014-03-05 10:26:00-05:00,-137.5,130.0,monthly_2_high,monthly_2,3722.5,2.25
daily_3_low_2014-03-07,nq_all_families_wick25,2014-03-07,Long,20.0,2014-03-07 11:02:00-05:00,3697.25,3693.25,5,False,full_stop,entry5@3697.25|sl_x5,2014-03-07 11:02:00-05:00,-407.5,400.0,daily_3_low,daily_3,3706.0,8.75
daily_3_low_2014-03-14,nq_all_families_wick25,2014-03-14,Long,16.5,2014-03-14 10:55:00-04:00,3631.25,3627.95,5,False,full_stop,entry5@3631.25|sl_x5,2014-03-14 10:59:00-04:00,-337.5,330.0,daily_3_low,daily_3,3636.25,5.0
daily_3_low_2014-04-07,nq_all_families_wick25,2014-04-07,Long,21.25,2014-04-07 12:09:00-04:00,3499.0,3494.75,5,False,full_stop,entry5@3499.00|sl_x5,2014-04-07 12:13:00-04:00,-432.5,425.0,daily_3_low,daily_3,3522.75,23.75
weekly_4_low_2014-04-07,nq_all_families_wick25,2014-04-07,Long,21.25,2014-04-07 12:09:00-04:00,3499.0,3494.75,5,False,full_stop,entry5@3499.00|sl_x5,2014-04-07 12:13:00-04:00,-432.5,425.0,weekly_4_low,weekly_4,3522.75,23.75
daily_3_high_2014-04-16,nq_all_families_wick25,2014-04-16,Short,16.5,2014-04-16 12:00:00-04:00,3506.75,3510.05,5,False,full_stop,entry5@3506.75|sl_x5,2014-04-16 12:02:00-04:00,-337.5,330.0,daily_3_high,daily_3,3498.5,8.25
daily_3_high_2014-05-13,nq_all_families_wick25,2014-05-13,Short,12.0,2014-05-13 10:14:00-04:00,3620.75,3623.15,5,False,full_stop,entry5@3620.75|sl_x5,2014-05-13 10:39:00-04:00,-247.5,240.0,daily_3_high,daily_3,3610.25,10.5
daily_3_high_2014-06-05,nq_all_families_wick25,2014-06-05,Short,13.25,2014-06-05 11:05:00-04:00,3753.25,3755.9,5,False,full_stop,entry5@3753.25|sl_x5,2014-06-05 11:19:00-04:00,-272.5,265.0,daily_3_high,daily_3,3749.25,4.0
weekly_4_high_2014-06-10,nq_all_families_wick25,2014-06-10,Short,11.0,2014-06-10 10:28:00-04:00,3799.5,3801.7,5,False,full_stop,entry5@3799.50|sl_x5,2014-06-10 11:11:00-04:00,-227.5,220.0,weekly_4_high,weekly_4,3796.0,3.5
weekly_4_high_2014-06-11,nq_all_families_wick25,2014-06-11,Short,11.25,2014-06-11 10:05:00-04:00,3800.5,3802.75,5,False,full_stop,entry5@3800.50|sl_x5,2014-06-11 10:23:00-04:00,-232.5,225.0,weekly_4_high,weekly_4,3796.0,4.5
weekly_4_high_2014-07-14,nq_all_families_wick25,2014-07-14,Short,7.0,2014-07-14 10:37:00-04:00,3920.0,3921.4,5,False,full_stop,entry5@3920.00|sl_x5,2014-07-14 10:46:00-04:00,-147.5,140.0,weekly_4_high,weekly_4,3918.0,2.0
weekly_4_high_2014-08-28,nq_all_families_wick25,2014-08-28,Short,6.25,2014-08-28 10:48:00-04:00,4064.5,4065.75,5,False,full_stop,entry5@4064.50|sl_x5,2014-08-28 10:49:00-04:00,-132.5,125.0,weekly_4_high,weekly_4,4061.0,3.5
monthly_2_high_2014-09-09,nq_all_families_wick25,2014-09-09,Short,16.0,2014-09-09 13:40:00-04:00,4093.25,4096.45,5,False,full_stop,entry5@4093.25|sl_x5,2014-09-09 13:45:00-04:00,-327.5,320.0,monthly_2_high,monthly_2,4083.5,9.75
daily_3_low_2014-10-01,nq_all_families_wick25,2014-10-01,Long,21.25,2014-10-01 12:45:00-04:00,3991.75,3987.5,5,False,full_stop,entry5@3991.75|sl_x5,2014-10-01 12:49:00-04:00,-432.5,425.0,daily_3_low,daily_3,4000.25,8.5
weekly_4_high_2014-10-30,nq_all_families_wick25,2014-10-30,Short,17.75,2014-10-30 12:30:00-04:00,4082.75,4086.3,5,False,full_stop,entry5@4082.75|sl_x5,2014-10-30 13:16:00-04:00,-362.5,355.0,weekly_4_high,weekly_4,4064.75,18.0
weekly_4_high_2014-11-12,nq_all_families_wick25,2014-11-12,Short,9.5,2014-11-12 10:06:00-05:00,4178.25,4180.15,5,False,full_stop,entry5@4178.25|sl_x5,2014-11-12 10:08:00-05:00,-197.5,190.0,weekly_4_high,weekly_4,4175.0,3.25
daily_3_high_2014-12-18,nq_all_families_wick25,2014-12-18,Short,17.75,2014-12-18 13:20:00-05:00,4242.0,4245.55,5,False,full_stop,entry5@4242.00|sl_x5,2014-12-18 13:23:00-05:00,-362.5,355.0,daily_3_high,daily_3,4234.0,8.0
daily_3_high_2014-12-19,nq_all_families_wick25,2014-12-19,Short,15.5,2014-12-19 09:58:00-05:00,4267.25,4270.35,5,False,full_stop,entry5@4267.25|sl_x5,2014-12-19 09:59:00-05:00,-317.5,310.0,daily_3_high,daily_3,4262.25,5.0
daily_3_high_2015-02-03,nq_all_families_wick25,2015-02-03,Short,18.0,2015-02-03 15:24:00-05:00,4212.0,4215.6,5,False,full_stop,entry5@4212.00|sl_x5,2015-02-03 15:42:00-05:00,-367.5,360.0,daily_3_high,daily_3,4203.25,8.75
daily_3_low_2015-03-11,nq_all_families_wick25,2015-03-11,Long,15.75,2015-03-11 10:33:00-04:00,4327.0,4323.85,5,False,full_stop,entry5@4327.00|sl_x5,2015-03-11 10:34:00-04:00,-322.5,315.0,daily_3_low,daily_3,4331.25,4.25
daily_3_high_2015-04-07,nq_all_families_wick25,2015-04-07,Short,21.25,2015-04-07 10:22:00-04:00,4363.5,4367.75,5,False,full_stop,entry5@4363.50|sl_x5,2015-04-07 10:30:00-04:00,-432.5,425.0,daily_3_high,daily_3,4354.75,8.75
daily_3_high_2015-04-09,nq_all_families_wick25,2015-04-09,Short,22.75,2015-04-09 14:58:00-04:00,4383.0,4387.55,5,False,full_stop,entry5@4383.00|sl_x5,2015-04-09 15:03:00-04:00,-462.5,455.0,daily_3_high,daily_3,4376.5,6.5
daily_3_high_2015-04-10,nq_all_families_wick25,2015-04-10,Short,13.75,2015-04-10 10:32:00-04:00,4403.0,4405.75,5,False,full_stop,entry5@4403.00|sl_x5,2015-04-10 10:37:00-04:00,-282.5,275.0,daily_3_high,daily_3,4398.75,4.25
monthly_2_high_2015-07-29,nq_all_families_wick25,2015-07-29,Short,10.0,2015-07-29 10:39:00-04:00,4562.0,4564.0,5,False,full_stop,entry5@4562.00|sl_x5,2015-07-29 10:40:00-04:00,-207.5,200.0,monthly_2_high,monthly_2,4555.25,6.75
daily_3_low_2015-08-07,nq_all_families_wick25,2015-08-07,Long,19.0,2015-08-07 11:15:00-04:00,4495.25,4491.45,5,False,full_stop,entry5@4495.25|sl_x5,2015-08-07 11:18:00-04:00,-387.5,380.0,daily_3_low,daily_3,4502.75,7.5
monthly_2_low_2015-08-21,nq_all_families_wick25,2015-08-21,Long,32.25,2015-08-21 10:35:00-04:00,4315.75,4309.3,5,False,full_stop,entry5@4315.75|sl_x5,2015-08-21 10:37:00-04:00,-652.5,645.0,monthly_2_low,monthly_2,4334.5,18.75
daily_3_high_2015-11-18,nq_all_families_wick25,2015-11-18,Short,10.5,2015-11-18 10:24:00-05:00,4601.25,4603.35,5,False,full_stop,entry5@4601.25|sl_x5,2015-11-18 11:14:00-05:00,-217.5,210.0,daily_3_high,daily_3,4597.75,3.5
weekly_4_high_2015-12-02,nq_all_families_wick25,2015-12-02,Short,17.0,2015-12-02 09:58:00-05:00,4734.5,4737.9,5,False,full_stop,entry5@4734.50|sl_x5,2015-12-02 10:00:00-05:00,-347.5,340.0,weekly_4_high,weekly_4,4729.5,5.0
monthly_2_high_2015-12-02,nq_all_families_wick25,2015-12-02,Short,17.0,2015-12-02 09:58:00-05:00,4734.5,4737.9,5,False,full_stop,entry5@4734.50|sl_x5,2015-12-02 10:00:00-05:00,-347.5,340.0,monthly_2_high,monthly_2,4729.5,5.0
daily_3_low_2015-12-14,nq_all_families_wick25,2015-12-14,Long,27.5,2015-12-14 10:12:00-05:00,4519.0,4513.5,5,False,full_stop,entry5@4519.00|sl_x5,2015-12-14 10:12:00-05:00,-557.5,550.0,daily_3_low,daily_3,4526.5,7.5
daily_3_high_2015-12-24,nq_all_families_wick25,2015-12-24,Short,12.0,2015-12-24 11:47:00-05:00,4625.75,4628.15,5,False,full_stop,entry5@4625.75|sl_x5,2015-12-24 11:52:00-05:00,-247.5,240.0,daily_3_high,daily_3,4620.25,5.5
daily_3_low_2016-01-06,nq_all_families_wick25,2016-01-06,Long,25.75,2016-01-06 14:43:00-05:00,4418.0,4412.85,5,False,full_stop,entry5@4418.00|sl_x5,2016-01-06 14:47:00-05:00,-522.5,515.0,daily_3_low,daily_3,4429.75,11.75
weekly_4_low_2016-05-06,nq_all_families_wick25,2016-05-06,Long,32.0,2016-05-06 10:20:00-04:00,4288.75,4282.35,5,False,full_stop,entry5@4288.75|sl_x5,2016-05-06 10:25:00-04:00,-647.5,640.0,weekly_4_low,weekly_4,4296.75,8.0
daily_3_high_2016-05-31,nq_all_families_wick25,2016-05-31,Short,6.5,2016-05-31 10:35:00-04:00,4526.0,4527.3,5,True,runner_tp,entry5@4526.00|scale4@opp|runner_tp,2016-05-31 12:19:00-04:00,1347.5,130.0,daily_3_high,daily_3,4524.0,2.0
daily_3_low_2016-06-13,nq_all_families_wick25,2016-06-13,Long,11.5,2016-06-13 11:51:00-04:00,4427.0,4424.7,5,False,full_stop,entry5@4427.00|sl_x5,2016-06-13 11:53:00-04:00,-237.5,230.0,daily_3_low,daily_3,4438.25,11.25
daily_3_high_2016-07-29,nq_all_families_wick25,2016-07-29,Short,12.75,2016-07-29 11:02:00-04:00,4730.25,4732.8,5,False,full_stop,entry5@4730.25|sl_x5,2016-07-29 11:24:00-04:00,-262.5,255.0,daily_3_high,daily_3,4719.0,11.25
daily_3_high_2016-10-18,nq_all_families_wick25,2016-10-18,Short,12.5,2016-10-18 11:42:00-04:00,4847.5,4850.0,5,False,full_stop,entry5@4847.50|sl_x5,2016-10-18 11:51:00-04:00,-257.5,250.0,daily_3_high,daily_3,4841.0,6.5
weekly_4_low_2016-11-02,nq_all_families_wick25,2016-11-02,Long,14.25,2016-11-02 10:30:00-04:00,4750.5,4747.65,5,False,full_stop,entry5@4750.50|sl_x5,2016-11-02 10:34:00-04:00,-292.5,285.0,weekly_4_low,weekly_4,4754.5,4.0
daily_3_low_2016-11-03,nq_all_families_wick25,2016-11-03,Long,15.0,2016-11-03 10:15:00-04:00,4705.75,4702.75,5,False,full_stop,entry5@4705.75|sl_x5,2016-11-03 12:06:00-04:00,-307.5,300.0,daily_3_low,daily_3,4710.5,4.75
daily_3_low_2016-11-04,nq_all_families_wick25,2016-11-04,Long,33.0,2016-11-04 15:47:00-04:00,4657.75,4651.15,5,False,eod,entry5@4657.75|eod_x5,2016-11-04 15:59:00-04:00,-32.5,660.0,daily_3_low,daily_3,4670.5,12.75
daily_3_high_2016-12-08,nq_all_families_wick25,2016-12-08,Short,20.25,2016-12-08 11:08:00-05:00,4865.25,4869.3,5,False,full_stop,entry5@4865.25|sl_x5,2016-12-08 12:49:00-05:00,-412.5,405.0,daily_3_high,daily_3,4854.75,10.5
weekly_4_high_2017-01-10,nq_all_families_wick25,2017-01-10,Short,13.0,2017-01-10 10:35:00-05:00,5025.75,5028.35,5,False,full_stop,entry5@5025.75|sl_x5,2017-01-10 10:55:00-05:00,-267.5,260.0,weekly_4_high,weekly_4,5017.5,8.25
weekly_4_high_2017-01-12,nq_all_families_wick25,2017-01-12,Short,15.0,2017-01-12 12:36:00-05:00,5021.5,5024.5,5,False,full_stop,entry5@5021.50|sl_x5,2017-01-12 13:10:00-05:00,-307.5,300.0,weekly_4_high,weekly_4,5017.5,4.0
daily_3_low_2017-01-31,nq_all_families_wick25,2017-01-31,Long,14.0,2017-01-31 11:29:00-05:00,5090.5,5087.7,5,False,full_stop,entry5@5090.50|sl_x5,2017-01-31 11:34:00-05:00,-287.5,280.0,daily_3_low,daily_3,5094.5,4.0
daily_3_high_2017-02-21,nq_all_families_wick25,2017-02-21,Short,9.0,2017-02-21 10:08:00-05:00,5347.0,5348.8,5,False,full_stop,entry5@5347.00|sl_x5,2017-02-21 10:11:00-05:00,-187.5,180.0,daily_3_high,daily_3,5344.25,2.75
weekly_4_high_2017-03-01,nq_all_families_wick25,2017-03-01,Short,13.0,2017-03-01 09:56:00-05:00,5363.25,5365.85,5,False,full_stop,entry5@5363.25|sl_x5,2017-03-01 10:00:00-05:00,-267.5,260.0,weekly_4_high,weekly_4,5359.5,3.75
monthly_2_high_2017-03-01,nq_all_families_wick25,2017-03-01,Short,13.0,2017-03-01 09:56:00-05:00,5363.25,5365.85,5,False,full_stop,entry5@5363.25|sl_x5,2017-03-01 10:00:00-05:00,-267.5,260.0,monthly_2_high,monthly_2,5359.5,3.75
weekly_4_high_2017-03-03,nq_all_families_wick25,2017-03-03,Short,9.5,2017-03-03 12:32:00-05:00,5364.5,5366.4,5,False,full_stop,entry5@5364.50|sl_x5,2017-03-03 13:04:00-05:00,-197.5,190.0,weekly_4_high,weekly_4,5359.5,5.0
monthly_2_high_2017-03-03,nq_all_families_wick25,2017-03-03,Short,9.5,2017-03-03 12:32:00-05:00,5364.5,5366.4,5,False,full_stop,entry5@5364.50|sl_x5,2017-03-03 13:04:00-05:00,-197.5,190.0,monthly_2_high,monthly_2,5359.5,5.0
weekly_4_high_2017-03-31,nq_all_families_wick25,2017-03-31,Short,7.0,2017-03-31 10:37:00-04:00,5444.5,5445.9,5,False,full_stop,entry5@5444.50|sl_x5,2017-03-31 11:09:00-04:00,-147.5,140.0,weekly_4_high,weekly_4,5441.0,3.5
daily_3_high_2017-04-27,nq_all_families_wick25,2017-04-27,Short,7.25,2017-04-27 12:57:00-04:00,5565.75,5567.2,5,False,full_stop,entry5@5565.75|sl_x5,2017-04-27 12:59:00-04:00,-152.5,145.0,daily_3_high,daily_3,5562.5,3.25
daily_3_high_2017-05-08,nq_all_families_wick25,2017-05-08,Short,12.5,2017-05-08 10:44:00-04:00,5647.75,5650.25,5,True,runner_sl,entry5@5647.75|scale4@opp|sl_x1,2017-05-08 12:33:00-04:00,652.5,250.0,daily_3_high,daily_3,5644.25,3.5
weekly_4_high_2017-05-08,nq_all_families_wick25,2017-05-08,Short,12.5,2017-05-08 10:44:00-04:00,5647.75,5650.25,5,True,runner_sl,entry5@5647.75|scale4@opp|sl_x1,2017-05-08 12:33:00-04:00,652.5,250.0,weekly_4_high,weekly_4,5644.25,3.5
daily_3_high_2017-06-09,nq_all_families_wick25,2017-06-09,Short,15.5,2017-06-09 10:05:00-04:00,5901.5,5904.6,5,False,full_stop,entry5@5901.50|sl_x5,2017-06-09 10:10:00-04:00,-317.5,310.0,daily_3_high,daily_3,5895.25,6.25
weekly_4_low_2017-07-06,nq_all_families_wick25,2017-07-06,Long,26.25,2017-07-06 10:05:00-04:00,5590.25,5585.0,5,False,full_stop,entry5@5590.25|sl_x5,2017-07-06 10:07:00-04:00,-532.5,525.0,weekly_4_low,weekly_4,5601.0,10.75
weekly_4_high_2017-07-17,nq_all_families_wick25,2017-07-17,Short,10.5,2017-07-17 09:56:00-04:00,5856.25,5858.35,5,False,full_stop,entry5@5856.25|sl_x5,2017-07-17 10:03:00-04:00,-217.5,210.0,weekly_4_high,weekly_4,5852.0,4.25
monthly_2_high_2017-07-19,nq_all_families_wick25,2017-07-19,Short,17.0,2017-07-19 11:15:00-04:00,5912.0,5915.4,5,False,full_stop,entry5@5912.00|sl_x5,2017-07-19 11:35:00-04:00,-347.5,340.0,monthly_2_high,monthly_2,5907.5,4.5
daily_3_high_2017-07-20,nq_all_families_wick25,2017-07-20,Short,16.75,2017-07-20 12:23:00-04:00,5929.75,5933.1,5,True,eod,entry5@5929.75|scale4@opp|eod_x1,2017-07-20 15:59:00-04:00,997.5,335.0,daily_3_high,daily_3,5925.0,4.75
weekly_4_high_2017-10-11,nq_all_families_wick25,2017-10-11,Short,11.75,2017-10-11 10:26:00-04:00,6073.75,6076.1,5,False,full_stop,entry5@6073.75|sl_x5,2017-10-11 13:14:00-04:00,-242.5,235.0,weekly_4_high,weekly_4,6069.0,4.75
daily_3_high_2017-10-13,nq_all_families_wick25,2017-10-13,Short,8.5,2017-10-13 10:20:00-04:00,6099.5,6101.2,5,False,full_stop,entry5@6099.50|sl_x5,2017-10-13 10:21:00-04:00,-177.5,170.0,daily_3_high,daily_3,6097.0,2.5
daily_3_high_2017-11-27,nq_all_families_wick25,2017-11-27,Short,11.25,2017-11-27 10:07:00-05:00,6419.75,6422.0,5,False,full_stop,entry5@6419.75|sl_x5,2017-11-27 10:16:00-05:00,-232.5,225.0,daily_3_high,daily_3,6416.0,3.75
weekly_4_high_2017-11-27,nq_all_families_wick25,2017-11-27,Short,11.25,2017-11-27 10:07:00-05:00,6419.75,6422.0,5,False,full_stop,entry5@6419.75|sl_x5,2017-11-27 10:16:00-05:00,-232.5,225.0,weekly_4_high,weekly_4,6416.0,3.75
weekly_4_high_2017-12-21,nq_all_families_wick25,2017-12-21,Short,13.25,2017-12-21 10:36:00-05:00,6501.5,6504.15,5,True,runner_sl,entry5@6501.50|scale4@opp|sl_x1,2017-12-21 11:22:00-05:00,552.5,265.0,weekly_4_high,weekly_4,6490.75,10.75
daily_3_low_2018-03-28,nq_all_families_wick25,2018-03-28,Long,96.75,2018-03-28 10:43:00-04:00,6453.0,6433.65,5,False,full_stop,entry5@6453.00|sl_x5,2018-03-28 10:47:00-04:00,-1942.5,1935.0,daily_3_low,daily_3,6490.0,37.0
weekly_4_low_2018-03-28,nq_all_families_wick25,2018-03-28,Long,96.75,2018-03-28 10:43:00-04:00,6453.0,6433.65,5,False,full_stop,entry5@6453.00|sl_x5,2018-03-28 10:47:00-04:00,-1942.5,1935.0,weekly_4_low,weekly_4,6520.0,67.0
daily_3_low_2018-06-28,nq_all_families_wick25,2018-06-28,Long,38.75,2018-06-28 10:37:00-04:00,6972.0,6964.25,5,True,runner_tp,entry5@6972.00|scale4@opp|runner_tp,2018-06-28 14:47:00-04:00,5242.5,775.0,daily_3_low,daily_3,6988.0,16.0
daily_3_high_2018-07-13,nq_all_families_wick25,2018-07-13,Short,11.75,2018-07-13 10:24:00-04:00,7395.75,7398.1,5,False,full_stop,entry5@7395.75|sl_x5,2018-07-13 10:27:00-04:00,-242.5,235.0,daily_3_high,daily_3,7387.0,8.75
daily_3_high_2018-08-03,nq_all_families_wick25,2018-08-03,Short,31.75,2018-08-03 10:28:00-04:00,7399.25,7405.6,5,False,eod,entry5@7399.25|eod_x5,2018-08-03 15:59:00-04:00,-207.5,635.0,daily_3_high,daily_3,7390.25,9.0
weekly_4_high_2018-10-03,nq_all_families_wick25,2018-10-03,Short,21.75,2018-10-03 10:02:00-04:00,7693.5,7697.85,5,False,full_stop,entry5@7693.50|sl_x5,2018-10-03 10:03:00-04:00,-442.5,435.0,weekly_4_high,weekly_4,7687.0,6.5
daily_3_low_2018-10-11,nq_all_families_wick25,2018-10-11,Long,76.5,2018-10-11 11:04:00-04:00,7005.5,6990.2,5,False,full_stop,entry5@7005.50|sl_x5,2018-10-11 11:04:00-04:00,-1537.5,1530.0,daily_3_low,daily_3,7062.5,57.0
monthly_2_low_2018-10-18,nq_all_families_wick25,2018-10-18,Long,43.75,2018-10-18 11:18:00-04:00,7210.25,7201.5,5,False,full_stop,entry5@7210.25|sl_x5,2018-10-18 11:20:00-04:00,-882.5,875.0,monthly_2_low,monthly_2,7224.75,14.5
weekly_4_low_2018-10-30,nq_all_families_wick25,2018-10-30,Long,73.5,2018-10-30 10:44:00-04:00,6698.25,6683.55,5,True,runner_tp,entry5@6698.25|scale4@opp|runner_tp,2018-10-30 11:49:00-04:00,5087.5,1470.0,weekly_4_low,weekly_4,6750.5,52.25
weekly_4_high_2019-03-12,nq_all_families_wick25,2019-03-12,Short,24.25,2019-03-12 10:30:00-04:00,7219.0,7223.85,5,False,full_stop,entry5@7219.00|sl_x5,2019-03-12 10:30:00-04:00,-492.5,485.0,weekly_4_high,weekly_4,7211.5,7.5
daily_3_high_2019-03-15,nq_all_families_wick25,2019-03-15,Short,23.0,2019-03-15 11:16:00-04:00,7332.5,7337.1,5,False,full_stop,entry5@7332.50|sl_x5,2019-03-15 11:18:00-04:00,-467.5,460.0,daily_3_high,daily_3,7324.25,8.25
weekly_4_high_2019-04-11,nq_all_families_wick25,2019-04-11,Short,22.5,2019-04-11 10:40:00-04:00,7632.0,7636.5,5,True,runner_sl,entry5@7632.00|scale4@opp|sl_x1,2019-04-11 11:07:00-04:00,472.5,450.0,weekly_4_high,weekly_4,7616.25,15.75
weekly_4_low_2019-05-23,nq_all_families_wick25,2019-05-23,Long,29.25,2019-05-23 11:56:00-04:00,7301.25,7295.4,5,False,full_stop,entry5@7301.25|sl_x5,2019-05-23 11:57:00-04:00,-592.5,585.0,weekly_4_low,weekly_4,7312.75,11.5
daily_3_high_2019-07-15,nq_all_families_wick25,2019-07-15,Short,17.5,2019-07-15 10:22:00-04:00,7974.5,7978.0,5,True,runner_sl,entry5@7974.50|scale4@opp|sl_x1,2019-07-15 10:56:00-04:00,592.5,350.0,daily_3_high,daily_3,7966.75,7.75
weekly_4_high_2019-07-15,nq_all_families_wick25,2019-07-15,Short,17.5,2019-07-15 10:22:00-04:00,7974.5,7978.0,5,True,runner_sl,entry5@7974.50|scale4@opp|sl_x1,2019-07-15 10:56:00-04:00,592.5,350.0,weekly_4_high,weekly_4,7966.75,7.75
daily_3_low_2019-08-23,nq_all_families_wick25,2019-08-23,Long,17.75,2019-08-23 11:02:00-04:00,7628.0,7624.45,5,False,full_stop,entry5@7628.00|sl_x5,2019-08-23 11:02:00-04:00,-362.5,355.0,daily_3_low,daily_3,7654.0,26.0
daily_3_high_2019-11-19,nq_all_families_wick25,2019-11-19,Short,15.75,2019-11-19 11:39:00-05:00,8355.0,8358.15,5,True,runner_sl,entry5@8355.00|scale4@opp|sl_x1,2019-11-19 12:00:00-05:00,492.5,315.0,daily_3_high,daily_3,8345.75,9.25
daily_3_high_2019-12-27,nq_all_families_wick25,2019-12-27,Short,19.25,2019-12-27 11:43:00-05:00,8820.0,8823.85,5,True,runner_tp,entry5@8820.00|scale4@opp|runner_tp,2019-12-27 13:19:00-05:00,1027.5,385.0,daily_3_high,daily_3,8802.0,18.0
weekly_4_high_2020-01-14,nq_all_families_wick25,2020-01-14,Short,34.0,2020-01-14 10:14:00-05:00,9068.25,9075.05,5,False,full_stop,entry5@9068.25|sl_x5,2020-01-14 10:31:00-05:00,-687.5,680.0,weekly_4_high,weekly_4,9042.5,25.75
daily_3_high_2020-03-25,nq_all_families_wick25,2020-03-25,Short,179.25,2020-03-25 12:38:00-04:00,7612.25,7648.1,5,False,full_stop,entry5@7612.25|sl_x5,2020-03-25 13:07:00-04:00,-3592.5,3585.0,daily_3_high,daily_3,7534.5,77.75
daily_3_high_2020-06-01,nq_all_families_wick25,2020-06-01,Short,53.25,2020-06-01 12:45:00-04:00,9585.0,9595.65,5,False,full_stop,entry5@9585.00|sl_x5,2020-06-01 13:06:00-04:00,-1072.5,1065.0,daily_3_high,daily_3,9571.5,13.5
weekly_4_high_2020-06-01,nq_all_families_wick25,2020-06-01,Short,53.25,2020-06-01 12:45:00-04:00,9585.0,9595.65,5,False,full_stop,entry5@9585.00|sl_x5,2020-06-01 13:06:00-04:00,-1072.5,1065.0,weekly_4_high,weekly_4,9571.5,13.5
monthly_2_high_2020-06-01,nq_all_families_wick25,2020-06-01,Short,53.25,2020-06-01 12:45:00-04:00,9585.0,9595.65,5,False,full_stop,entry5@9585.00|sl_x5,2020-06-01 13:06:00-04:00,-1072.5,1065.0,monthly_2_high,monthly_2,9571.5,13.5
daily_3_high_2020-06-17,nq_all_families_wick25,2020-06-17,Short,39.75,2020-06-17 12:32:00-04:00,10018.0,10025.95,5,False,full_stop,entry5@10018.00|sl_x5,2020-06-17 12:33:00-04:00,-802.5,795.0,daily_3_high,daily_3,10001.75,16.25
daily_3_high_2020-07-07,nq_all_families_wick25,2020-07-07,Short,60.25,2020-07-07 10:11:00-04:00,10633.25,10645.3,5,False,full_stop,entry5@10633.25|sl_x5,2020-07-07 10:12:00-04:00,-1212.5,1205.0,daily_3_high,daily_3,10614.5,18.75
daily_3_high_2020-08-13,nq_all_families_wick25,2020-08-13,Short,65.0,2020-08-13 10:29:00-04:00,11226.25,11239.25,5,False,full_stop,entry5@11226.25|sl_x5,2020-08-13 10:34:00-04:00,-1307.5,1300.0,daily_3_high,daily_3,11185.75,40.5
daily_3_high_2020-08-17,nq_all_families_wick25,2020-08-17,Short,30.75,2020-08-17 13:03:00-04:00,11276.75,11282.9,5,False,full_stop,entry5@11276.75|sl_x5,2020-08-17 13:16:00-04:00,-622.5,615.0,daily_3_high,daily_3,11266.0,10.75
daily_3_high_2020-08-27,nq_all_families_wick25,2020-08-27,Short,103.75,2020-08-27 10:34:00-04:00,12006.75,12027.5,5,False,full_stop,entry5@12006.75|sl_x5,2020-08-27 11:03:00-04:00,-2082.5,2075.0,daily_3_high,daily_3,11974.5,32.25
daily_3_high_2020-09-02,nq_all_families_wick25,2020-09-02,Short,76.25,2020-09-02 15:11:00-04:00,12404.75,12420.0,5,False,full_stop,entry5@12404.75|sl_x5,2020-09-02 15:14:00-04:00,-1532.5,1525.0,daily_3_high,daily_3,12300.75,104.0
monthly_2_high_2020-09-03,nq_all_families_wick25,2020-09-03,Short,109.5,2020-09-03 10:01:00-04:00,12194.0,12215.9,5,True,runner_tp,entry5@12194.00|scale4@opp|runner_tp,2020-09-03 10:37:00-04:00,8282.5,2190.0,monthly_2_high,monthly_2,12165.0,29.0
daily_3_high_2020-10-01,nq_all_families_wick25,2020-10-01,Short,33.75,2020-10-01 11:35:00-04:00,11552.5,11559.25,5,True,runner_tp,entry5@11552.50|scale4@opp|runner_tp,2020-10-01 12:16:00-04:00,2442.5,675.0,daily_3_high,daily_3,11526.0,26.5
daily_3_low_2020-10-15,nq_all_families_wick25,2020-10-15,Long,102.5,2020-10-15 10:07:00-04:00,11835.25,11814.75,5,True,runner_sl,entry5@11835.25|scale4@opp|sl_x1,2020-10-15 10:08:00-04:00,1652.5,2050.0,daily_3_low,daily_3,11867.25,32.0
monthly_2_high_2021-01-13,nq_all_families_wick25,2021-01-13,Short,52.0,2021-01-13 10:34:00-05:00,12945.5,12955.9,5,False,full_stop,entry5@12945.50|sl_x5,2021-01-13 10:39:00-05:00,-1047.5,1040.0,monthly_2_high,monthly_2,12918.25,27.25
daily_3_low_2021-01-15,nq_all_families_wick25,2021-01-15,Long,51.75,2021-01-15 11:05:00-05:00,12752.5,12742.15,5,False,eod,entry5@12752.50|eod_x5,2021-01-15 15:59:00-05:00,4617.5,1035.0,daily_3_low,daily_3,12767.25,14.75
daily_3_high_2021-02-02,nq_all_families_wick25,2021-02-02,Short,59.0,2021-02-02 10:18:00-05:00,13423.25,13435.05,5,False,full_stop,entry5@13423.25|sl_x5,2021-02-02 10:19:00-05:00,-1187.5,1180.0,daily_3_high,daily_3,13394.0,29.25
daily_3_high_2021-02-05,nq_all_families_wick25,2021-02-05,Short,48.75,2021-02-05 12:03:00-05:00,13580.25,13590.0,5,False,full_stop,entry5@13580.25|sl_x5,2021-02-05 12:11:00-05:00,-982.5,975.0,daily_3_high,daily_3,13552.5,27.75
weekly_4_high_2021-02-05,nq_all_families_wick25,2021-02-05,Short,48.75,2021-02-05 12:03:00-05:00,13580.25,13590.0,5,False,full_stop,entry5@13580.25|sl_x5,2021-02-05 12:11:00-05:00,-982.5,975.0,weekly_4_high,weekly_4,13554.5,25.75
monthly_2_high_2021-02-05,nq_all_families_wick25,2021-02-05,Short,48.75,2021-02-05 12:03:00-05:00,13580.25,13590.0,5,False,full_stop,entry5@13580.25|sl_x5,2021-02-05 12:11:00-05:00,-982.5,975.0,monthly_2_high,monthly_2,13554.5,25.75
daily_3_high_2021-03-11,nq_all_families_wick25,2021-03-11,Short,75.75,2021-03-11 10:49:00-05:00,13005.25,13020.4,5,False,full_stop,entry5@13005.25|sl_x5,2021-03-11 10:59:00-05:00,-1522.5,1515.0,daily_3_high,daily_3,12979.5,25.75
daily_3_low_2021-03-19,nq_all_families_wick25,2021-03-19,Long,112.75,2021-03-19 10:04:00-04:00,12725.0,12702.45,5,False,full_stop,entry5@12725.00|sl_x5,2021-03-19 10:05:00-04:00,-2262.5,2255.0,daily_3_low,daily_3,12762.0,37.0
daily_3_low_2021-03-25,nq_all_families_wick25,2021-03-25,Long,114.5,2021-03-25 10:36:00-04:00,12721.0,12698.1,5,False,full_stop,entry5@12721.00|sl_x5,2021-03-25 10:46:00-04:00,-2297.5,2290.0,daily_3_low,daily_3,12788.25,67.25
daily_3_high_2021-06-23,nq_all_families_wick25,2021-06-23,Short,45.5,2021-06-23 09:58:00-04:00,14300.5,14309.6,5,False,full_stop,entry5@14300.50|sl_x5,2021-06-23 09:59:00-04:00,-917.5,910.0,daily_3_high,daily_3,14279.25,21.25
daily_3_high_2021-08-04,nq_all_families_wick25,2021-08-04,Short,33.25,2021-08-04 13:00:00-04:00,15069.5,15076.15,5,False,full_stop,entry5@15069.50|sl_x5,2021-08-04 13:03:00-04:00,-672.5,665.0,daily_3_high,daily_3,15051.5,18.0
daily_3_high_2021-08-20,nq_all_families_wick25,2021-08-20,Short,37.0,2021-08-20 10:18:00-04:00,15072.75,15080.15,5,False,full_stop,entry5@15072.75|sl_x5,2021-08-20 10:18:00-04:00,-747.5,740.0,daily_3_high,daily_3,15058.0,14.75
daily_3_high_2021-08-24,nq_all_families_wick25,2021-08-24,Short,40.75,2021-08-24 10:03:00-04:00,15350.25,15358.4,5,False,full_stop,entry5@15350.25|sl_x5,2021-08-24 10:08:00-04:00,-822.5,815.0,daily_3_high,daily_3,15337.5,12.75
daily_3_high_2021-08-27,nq_all_families_wick25,2021-08-27,Short,48.25,2021-08-27 13:21:00-04:00,15428.75,15438.4,5,False,full_stop,entry5@15428.75|sl_x5,2021-08-27 15:08:00-04:00,-972.5,965.0,daily_3_high,daily_3,15397.0,31.75
monthly_2_high_2021-09-07,nq_all_families_wick25,2021-09-07,Short,43.25,2021-09-07 10:33:00-04:00,15655.5,15664.15,5,False,full_stop,entry5@15655.50|sl_x5,2021-09-07 10:41:00-04:00,-872.5,865.0,monthly_2_high,monthly_2,15617.75,37.75
daily_3_low_2021-10-12,nq_all_families_wick25,2021-10-12,Long,90.0,2021-10-12 10:17:00-04:00,14657.5,14639.5,5,False,full_stop,entry5@14657.50|sl_x5,2021-10-12 10:54:00-04:00,-1807.5,1800.0,daily_3_low,daily_3,14696.25,38.75
daily_3_high_2021-10-20,nq_all_families_wick25,2021-10-20,Short,32.75,2021-10-20 10:30:00-04:00,15439.0,15445.55,5,False,full_stop,entry5@15439.00|sl_x5,2021-10-20 10:32:00-04:00,-662.5,655.0,daily_3_high,daily_3,15403.75,35.25
daily_3_low_2021-11-10,nq_all_families_wick25,2021-11-10,Long,84.25,2021-11-10 12:43:00-05:00,16107.25,16090.4,5,True,runner_sl,entry5@16107.25|scale4@opp|sl_x1,2021-11-10 13:02:00-05:00,1492.5,1685.0,daily_3_low,daily_3,16160.0,52.75
daily_3_high_2021-11-18,nq_all_families_wick25,2021-11-18,Short,49.25,2021-11-18 11:34:00-05:00,16421.0,16430.85,5,False,full_stop,entry5@16421.00|sl_x5,2021-11-18 11:34:00-05:00,-992.5,985.0,daily_3_high,daily_3,16396.5,24.5
daily_3_low_2021-12-31,nq_all_families_wick25,2021-12-31,Long,58.0,2021-12-31 12:18:00-05:00,16354.0,16342.4,5,False,full_stop,entry5@16354.00|sl_x5,2021-12-31 15:50:00-05:00,-1167.5,1160.0,daily_3_low,daily_3,16387.5,33.5
weekly_4_low_2022-09-30,nq_all_families_wick25,2022-09-30,Long,102.25,2022-09-30 13:43:00-04:00,11165.5,11145.05,5,False,full_stop,entry5@11165.50|sl_x5,2022-09-30 14:43:00-04:00,-2052.5,2045.0,weekly_4_low,weekly_4,11229.0,63.5
monthly_2_high_2023-02-17,nq_all_families_wick25,2023-02-17,Short,77.5,2023-02-17 10:03:00-05:00,12350.5,12366.0,5,True,runner_sl,entry5@12350.50|scale4@opp|sl_x1,2023-02-17 10:04:00-05:00,332.5,1550.0,monthly_2_high,monthly_2,12308.5,42.0
daily_3_high_2023-03-03,nq_all_families_wick25,2023-03-03,Short,34.75,2023-03-03 10:15:00-05:00,12201.25,12208.2,5,False,full_stop,entry5@12201.25|sl_x5,2023-03-03 10:15:00-05:00,-702.5,695.0,daily_3_high,daily_3,12172.75,28.5
daily_3_high_2023-03-16,nq_all_families_wick25,2023-03-16,Short,67.0,2023-03-16 10:41:00-04:00,12435.0,12448.4,5,False,full_stop,entry5@12435.00|sl_x5,2023-03-16 10:41:00-04:00,-1347.5,1340.0,daily_3_high,daily_3,12407.5,27.5
daily_3_high_2023-03-21,nq_all_families_wick25,2023-03-21,Short,41.25,2023-03-21 14:56:00-04:00,12837.25,12845.5,5,False,full_stop,entry5@12837.25|sl_x5,2023-03-21 14:58:00-04:00,-832.5,825.0,daily_3_high,daily_3,12811.25,26.0
weekly_4_high_2023-03-21,nq_all_families_wick25,2023-03-21,Short,41.25,2023-03-21 14:56:00-04:00,12837.25,12845.5,5,False,full_stop,entry5@12837.25|sl_x5,2023-03-21 14:58:00-04:00,-832.5,825.0,weekly_4_high,weekly_4,12811.25,26.0
weekly_4_high_2023-03-24,nq_all_families_wick25,2023-03-24,Short,101.75,2023-03-24 10:14:00-04:00,12840.0,12860.35,5,True,runner_sl,entry5@12840.00|scale4@opp|sl_x1,2023-03-24 12:01:00-04:00,7752.5,2035.0,weekly_4_high,weekly_4,12811.25,28.75
daily_3_high_2023-05-16,nq_all_families_wick25,2023-05-16,Short,69.0,2023-05-16 10:31:00-04:00,13515.75,13529.55,5,False,full_stop,entry5@13515.75|sl_x5,2023-05-16 10:57:00-04:00,-1387.5,1380.0,daily_3_high,daily_3,13487.25,28.5
weekly_4_high_2023-05-16,nq_all_families_wick25,2023-05-16,Short,69.0,2023-05-16 10:31:00-04:00,13515.75,13529.55,5,False,full_stop,entry5@13515.75|sl_x5,2023-05-16 10:57:00-04:00,-1387.5,1380.0,weekly_4_high,weekly_4,13487.25,28.5
weekly_4_high_2023-05-17,nq_all_families_wick25,2023-05-17,Short,27.75,2023-05-17 10:40:00-04:00,13526.25,13531.8,5,False,full_stop,entry5@13526.25|sl_x5,2023-05-17 10:47:00-04:00,-562.5,555.0,weekly_4_high,weekly_4,13487.25,39.0
daily_3_low_2023-08-03,nq_all_families_wick25,2023-08-03,Long,62.25,2023-08-03 10:21:00-04:00,15385.5,15373.05,5,False,full_stop,entry5@15385.50|sl_x5,2023-08-03 10:25:00-04:00,-1252.5,1245.0,daily_3_low,daily_3,15414.0,28.5
daily_3_high_2023-12-18,nq_all_families_wick25,2023-12-18,Short,45.5,2023-12-18 10:18:00-05:00,16902.75,16911.85,5,False,full_stop,entry5@16902.75|sl_x5,2023-12-18 11:44:00-05:00,-917.5,910.0,daily_3_high,daily_3,16887.25,15.5
weekly_4_high_2023-12-18,nq_all_families_wick25,2023-12-18,Short,45.5,2023-12-18 10:18:00-05:00,16902.75,16911.85,5,False,full_stop,entry5@16902.75|sl_x5,2023-12-18 11:44:00-05:00,-917.5,910.0,weekly_4_high,weekly_4,16887.25,15.5
daily_3_high_2023-12-19,nq_all_families_wick25,2023-12-19,Short,51.0,2023-12-19 10:14:00-05:00,16991.5,17001.7,5,False,full_stop,entry5@16991.50|sl_x5,2023-12-19 10:31:00-05:00,-1027.5,1020.0,daily_3_high,daily_3,16974.0,17.5
daily_3_high_2023-12-27,nq_all_families_wick25,2023-12-27,Short,30.0,2023-12-27 13:12:00-05:00,17124.75,17130.75,5,True,runner_tp,entry5@17124.75|scale4@opp|runner_tp,2023-12-27 14:05:00-05:00,3892.5,600.0,daily_3_high,daily_3,17111.25,13.5
daily_3_low_2024-01-03,nq_all_families_wick25,2024-01-03,Long,60.75,2024-01-03 10:10:00-05:00,16593.5,16581.35,5,False,full_stop,entry5@16593.50|sl_x5,2024-01-03 10:12:00-05:00,-1222.5,1215.0,daily_3_low,daily_3,16622.5,29.0
monthly_2_high_2024-02-14,nq_all_families_wick25,2024-02-14,Short,76.0,2024-02-14 10:19:00-05:00,17815.5,17830.7,5,False,full_stop,entry5@17815.50|sl_x5,2024-02-14 10:20:00-05:00,-1527.5,1520.0,monthly_2_high,monthly_2,17793.5,22.0
monthly_2_high_2024-02-16,nq_all_families_wick25,2024-02-16,Short,52.5,2024-02-16 14:02:00-05:00,17895.75,17906.25,5,True,runner_tp,entry5@17895.75|scale4@opp|runner_tp,2024-02-16 14:47:00-05:00,2867.5,1050.0,monthly_2_high,monthly_2,17793.5,102.25
daily_3_high_2024-05-07,nq_all_families_wick25,2024-05-07,Short,38.5,2024-05-07 10:54:00-04:00,18233.25,18240.95,5,False,full_stop,entry5@18233.25|sl_x5,2024-05-07 10:56:00-04:00,-777.5,770.0,daily_3_high,daily_3,18198.25,35.0
daily_3_high_2024-05-14,nq_all_families_wick25,2024-05-14,Short,52.5,2024-05-14 14:14:00-04:00,18370.75,18381.25,5,False,full_stop,entry5@18370.75|sl_x5,2024-05-14 14:15:00-04:00,-1057.5,1050.0,daily_3_high,daily_3,18348.0,22.75
weekly_4_high_2024-05-14,nq_all_families_wick25,2024-05-14,Short,52.5,2024-05-14 14:14:00-04:00,18370.75,18381.25,5,False,full_stop,entry5@18370.75|sl_x5,2024-05-14 14:15:00-04:00,-1057.5,1050.0,weekly_4_high,weekly_4,18348.0,22.75
daily_3_high_2024-05-16,nq_all_families_wick25,2024-05-16,Short,28.0,2024-05-16 10:23:00-04:00,18716.5,18722.1,5,False,full_stop,entry5@18716.50|sl_x5,2024-05-16 10:29:00-04:00,-567.5,560.0,daily_3_high,daily_3,18707.0,9.5
monthly_2_high_2024-05-21,nq_all_families_wick25,2024-05-21,Short,36.0,2024-05-21 10:03:00-04:00,18719.75,18726.95,5,False,full_stop,entry5@18719.75|sl_x5,2024-05-21 10:25:00-04:00,-727.5,720.0,monthly_2_high,monthly_2,18709.0,10.75
daily_3_low_2024-06-24,nq_all_families_wick25,2024-06-24,Long,78.25,2024-06-24 10:43:00-04:00,19866.75,19851.1,5,False,full_stop,entry5@19866.75|sl_x5,2024-06-24 10:48:00-04:00,-1572.5,1565.0,daily_3_low,daily_3,19914.25,47.5
daily_3_high_2024-07-03,nq_all_families_wick25,2024-07-03,Short,51.5,2024-07-03 10:43:00-04:00,20300.0,20310.3,5,False,full_stop,entry5@20300.00|sl_x5,2024-07-03 10:46:00-04:00,-1037.5,1030.0,daily_3_high,daily_3,20273.25,26.75
weekly_4_high_2024-07-03,nq_all_families_wick25,2024-07-03,Short,51.5,2024-07-03 10:43:00-04:00,20300.0,20310.3,5,False,full_stop,entry5@20300.00|sl_x5,2024-07-03 10:46:00-04:00,-1037.5,1030.0,weekly_4_high,weekly_4,20273.25,26.75
monthly_2_high_2024-07-03,nq_all_families_wick25,2024-07-03,Short,51.5,2024-07-03 10:43:00-04:00,20300.0,20310.3,5,False,full_stop,entry5@20300.00|sl_x5,2024-07-03 10:46:00-04:00,-1037.5,1030.0,monthly_2_high,monthly_2,20273.25,26.75
monthly_2_low_2024-08-07,nq_all_families_wick25,2024-08-07,Long,102.0,2024-08-07 11:44:00-04:00,18405.75,18385.35,5,False,full_stop,entry5@18405.75|sl_x5,2024-08-07 11:45:00-04:00,-2047.5,2040.0,monthly_2_low,monthly_2,18435.75,30.0
weekly_4_high_2024-09-20,nq_all_families_wick25,2024-09-20,Short,51.75,2024-09-20 15:38:00-04:00,20073.75,20084.1,5,True,eod,entry5@20073.75|scale4@opp|eod_x1,2024-09-20 15:59:00-04:00,4252.5,1035.0,weekly_4_high,weekly_4,20025.25,48.5
monthly_2_high_2024-12-30,nq_all_families_wick25,2024-12-30,Short,106.5,2024-12-30 10:39:00-05:00,21365.25,21386.55,5,False,full_stop,entry5@21365.25|sl_x5,2024-12-30 10:45:00-05:00,-2137.5,2130.0,monthly_2_high,monthly_2,21292.75,72.5
daily_3_low_2025-01-08,nq_all_families_wick25,2025-01-08,Long,95.0,2025-01-08 12:27:00-05:00,21231.0,21212.0,5,False,full_stop,entry5@21231.00|sl_x5,2025-01-08 12:28:00-05:00,-1907.5,1900.0,daily_3_low,daily_3,21261.5,30.5
daily_3_low_2025-02-27,nq_all_families_wick25,2025-02-27,Long,210.75,2025-02-27 14:29:00-05:00,20896.25,20854.1,5,False,full_stop,entry5@20896.25|sl_x5,2025-02-27 14:32:00-05:00,-4222.5,4215.0,daily_3_low,daily_3,20990.0,93.75
daily_3_high_2025-03-17,nq_all_families_wick25,2025-03-17,Short,164.5,2025-03-17 13:50:00-04:00,19827.75,19860.65,5,False,full_stop,entry5@19827.75|sl_x5,2025-03-17 14:11:00-04:00,-3297.5,3290.0,daily_3_high,daily_3,19777.75,50.0
daily_3_high_2025-06-26,nq_all_families_wick25,2025-06-26,Short,71.5,2025-06-26 10:22:00-04:00,22572.5,22586.8,5,False,full_stop,entry5@22572.50|sl_x5,2025-06-26 10:31:00-04:00,-1437.5,1430.0,daily_3_high,daily_3,22548.25,24.25
weekly_4_high_2025-08-11,nq_all_families_wick25,2025-08-11,Short,57.5,2025-08-11 12:01:00-04:00,23767.5,23779.0,5,False,full_stop,entry5@23767.50|sl_x5,2025-08-11 12:07:00-04:00,-1157.5,1150.0,weekly_4_high,weekly_4,23752.0,15.5
monthly_2_high_2025-08-11,nq_all_families_wick25,2025-08-11,Short,57.5,2025-08-11 12:01:00-04:00,23767.5,23779.0,5,False,full_stop,entry5@23767.50|sl_x5,2025-08-11 12:07:00-04:00,-1157.5,1150.0,monthly_2_high,monthly_2,23752.0,15.5
monthly_2_high_2025-08-18,nq_all_families_wick25,2025-08-18,Short,49.25,2025-08-18 10:24:00-04:00,23804.75,23814.6,5,False,full_stop,entry5@23804.75|sl_x5,2025-08-18 10:24:00-04:00,-992.5,985.0,monthly_2_high,monthly_2,23752.0,52.75
daily_3_high_2025-08-28,nq_all_families_wick25,2025-08-28,Short,112.5,2025-08-28 10:47:00-04:00,23709.0,23731.5,5,False,full_stop,entry5@23709.00|sl_x5,2025-08-28 11:12:00-04:00,-2257.5,2250.0,daily_3_high,daily_3,23657.5,51.5
daily_3_low_2025-11-04,nq_all_families_wick25,2025-11-04,Long,119.25,2025-11-04 11:50:00-05:00,25735.25,25711.4,5,False,full_stop,entry5@25735.25|sl_x5,2025-11-04 12:07:00-05:00,-2392.5,2385.0,daily_3_low,daily_3,25869.0,133.75
daily_3_high_2025-11-20,nq_all_families_wick25,2025-11-20,Short,103.0,2025-11-20 10:37:00-05:00,25299.75,25320.35,5,True,runner_tp,entry5@25299.75|scale4@opp|runner_tp,2025-11-20 11:11:00-05:00,17427.5,2060.0,daily_3_high,daily_3,25254.0,45.75
daily_3_high_2025-11-28,nq_all_families_wick25,2025-11-28,Short,91.0,2025-11-28 10:21:00-05:00,25399.0,25417.2,5,False,full_stop,entry5@25399.00|sl_x5,2025-11-28 10:52:00-05:00,-1827.5,1820.0,daily_3_high,daily_3,25376.0,23.0
weekly_4_low_2026-01-21,nq_all_families_wick25,2026-01-21,Long,95.75,2026-01-21 12:08:00-05:00,25197.25,25178.1,5,False,full_stop,entry5@25197.25|sl_x5,2026-01-21 12:12:00-05:00,-1922.5,1915.0,weekly_4_low,weekly_4,25265.25,68.0
daily_3_high_2026-01-26,nq_all_families_wick25,2026-01-26,Short,122.75,2026-01-26 10:51:00-05:00,25886.5,25911.05,5,False,full_stop,entry5@25886.50|sl_x5,2026-01-26 11:30:00-05:00,-2462.5,2455.0,daily_3_high,daily_3,25845.75,40.75
daily_3_low_2026-02-03,nq_all_families_wick25,2026-02-03,Long,229.25,2026-02-03 11:51:00-05:00,25470.25,25424.4,5,False,full_stop,entry5@25470.25|sl_x5,2026-02-03 12:12:00-05:00,-4592.5,4585.0,daily_3_low,daily_3,25536.0,65.75
daily_3_low_2026-02-04,nq_all_families_wick25,2026-02-04,Long,160.0,2026-02-04 11:02:00-05:00,25108.0,25076.0,5,False,full_stop,entry5@25108.00|sl_x5,2026-02-04 11:03:00-05:00,-3207.5,3200.0,daily_3_low,daily_3,25219.0,111.0
weekly_4_low_2026-02-17,nq_all_families_wick25,2026-02-17,Long,210.0,2026-02-17 10:33:00-05:00,24462.25,24420.25,5,True,eod,entry5@24462.25|scale4@opp|eod_x1,2026-02-17 15:59:00-05:00,34567.5,4200.0,weekly_4_low,weekly_4,24543.25,81.0
daily_3_high_2026-03-04,nq_all_families_wick25,2026-03-04,Short,133.0,2026-03-04 11:02:00-05:00,25148.5,25175.1,5,False,full_stop,entry5@25148.50|sl_x5,2026-03-04 12:53:00-05:00,-2667.5,2660.0,daily_3_high,daily_3,25101.0,47.5
